# CMD line shows the command line used to generate this output
# DEF lines define expressions for all tested thresholds
# FLT* lines report numbers for every threshold and every sample:
#   1) filter id
#   2) sample
#   3) number of genotypes which pass the filter
#   4) number of non-reference genotypes
#   5) number of homozygous ref genotypes (0/0 or 0)
#   6) number of homozygous alt genotypes (1/1, 2/2, etc)
#   7) number of heterozygous genotypes (0/1, 1/2, etc)
#   8) number of hemizygous genotypes (0, 1, etc)
#   9) number of SNVs
#   10) number of indels
#   11) number of singletons
#   12) number of missing genotypes (./., ., ./0, etc)
#   13) number of transitions (alt het genotypes such as "1/2" are counted twice)
#   14) number of transversions (alt het genotypes such as "1/2" are counted twice)
#   15) overall ts/tv
# SITE* lines report numbers for every threshold:
#   1) filter id
#   2) number of sites which pass the filter
#   3) number of SNVs
#   4) number of indels
#   5) number of singletons
#   6) number of transitions (counted at most once at multiallelic sites)
#   7) number of transversions (counted at most once at multiallelic sites)
#   8) overall ts/tv
CMD	smpl-stats -o ../out/stats.imputed_vcf.txt ../data/KHUFU/KHU075_SNPcalls_20241105.imputed.vcf.gz
DEF	FLT0	all
FLT0	OAK.MOR.000132	249112	87340	161772	13810	73530	0	87340	0	0	0	70088	17252	4.06
FLT0	OAK.MOR.000635	249112	92640	156472	11100	81540	0	92640	0	0	0	74385	18255	4.07
FLT0	OAK.MOR.001245	249112	96545	152567	15983	80562	0	96545	0	0	0	77692	18853	4.12
FLT0	OAK.MOR.001369	249112	91155	157957	19427	71728	0	91155	0	0	0	74012	17143	4.32
FLT0	OAK.MOR.001370	249112	145450	103662	2146	143304	0	145450	0	0	0	117103	28347	4.13
FLT0	OAK.MOR.001372	249112	94751	154361	19760	74991	0	94751	0	0	0	76863	17888	4.30
FLT0	OAK.MOR.001377	249112	90933	158179	19429	71504	0	90933	0	0	0	73748	17185	4.29
FLT0	OAK.MOR.001378	249112	94172	154940	19379	74793	0	94172	0	0	0	76374	17798	4.29
FLT0	OAK.MOR.001383	249112	99605	149507	15426	84179	0	99605	0	0	0	80077	19528	4.10
FLT0	OAK.MOR.001465	249112	91513	157599	19081	72432	0	91513	0	0	0	74121	17392	4.26
FLT0	OAK.MOR.001468	249112	90453	158659	18844	71609	0	90453	0	0	0	73244	17209	4.26
FLT0	SYST.MOR.0006764	249112	104934	144178	10952	93982	0	104934	0	0	0	83712	21222	3.94
FLT0	SYST.MOR.0006781	249112	111452	137660	6482	104970	0	111452	0	0	0	88882	22570	3.94
FLT0	SYST.MOR.0006791	249112	115208	133904	6270	108938	0	115208	0	0	0	91963	23245	3.96
FLT0	SYST.MOR.0006798	249112	97497	151615	8443	89054	0	97497	0	0	0	78023	19474	4.01
FLT0	SYST.MOR.0006821	249112	111218	137894	9203	102015	0	111218	0	0	0	88901	22317	3.98
FLT0	SYST.MOR.0006852	249112	107932	141180	9692	98240	0	107932	0	0	0	86236	21696	3.97
FLT0	SYST.MOR.0006857	249112	105565	143547	9760	95805	0	105565	0	0	0	84214	21351	3.94
FLT0	SYST.MOR.0006870	249112	106599	142513	10047	96552	0	106599	0	0	0	84967	21632	3.93
FLT0	SYST.MOR.0006890	249112	111532	137580	8353	103179	0	111532	0	0	0	88991	22541	3.95
FLT0	SYST.MOR.0006894	249112	108450	140662	8782	99668	0	108450	0	0	0	86566	21884	3.96
FLT0	SYST.MOR.0006897	249112	104246	144866	9130	95116	0	104246	0	0	0	83314	20932	3.98
FLT0	SYST.MOR.0006907	249112	105865	143247	9391	96474	0	105865	0	0	0	84529	21336	3.96
FLT0	SYST.MOR.0006932	249112	102206	146906	10478	91728	0	102206	0	0	0	81653	20553	3.97
FLT0	SYST.MOR.0006937	249112	108712	140400	6753	101959	0	108712	0	0	0	86709	22003	3.94
FLT0	SYST.MOR.0006943	249112	105080	144032	7705	97375	0	105080	0	0	0	83921	21159	3.97
FLT0	SYST.MOR.0006955	249112	102189	146923	7744	94445	0	102189	0	0	0	81408	20781	3.92
FLT0	SYST.MOR.0006973	249112	109934	139178	7039	102895	0	109934	0	0	0	87897	22037	3.99
FLT0	SYST.MOR.0006991	249112	89856	159256	18032	71824	0	89856	0	0	0	72771	17085	4.26
FLT0	SYST.MOR.0007002	249112	104886	144226	7453	97433	0	104886	0	0	0	83754	21132	3.96
FLT0	SYST.MOR.0007016	249112	101810	147302	9066	92744	0	101810	0	0	0	81249	20561	3.95
FLT0	SYST.MOR.0007037	249112	114778	134334	8442	106336	0	114778	0	0	0	91758	23020	3.99
FLT0	SYST.MOR.0007048	249112	111435	137677	6424	105011	0	111435	0	0	0	88838	22597	3.93
FLT0	SYST.MOR.0007066	249112	111657	137455	6769	104888	0	111657	0	0	0	88993	22664	3.93
FLT0	SYST.MOR.0007072	249112	102131	146981	7903	94228	0	102131	0	0	0	81483	20648	3.95
FLT0	SYST.MOR.0007088	249112	107601	141511	7433	100168	0	107601	0	0	0	85966	21635	3.97
FLT0	SYST.MOR.0007124	249112	99007	150105	8146	90861	0	99007	0	0	0	79108	19899	3.98
FLT0	SYST.MOR.0007130	249112	99153	149959	11458	87695	0	99153	0	0	0	79237	19916	3.98
FLT0	SYST.MOR.0007150	249112	99154	149958	12564	86590	0	99154	0	0	0	79063	20091	3.94
FLT0	SYST.MOR.0007163	249112	102140	146972	12294	89846	0	102140	0	0	0	81581	20559	3.97
FLT0	SYST.MOR.0007174	249112	104946	144166	10746	94200	0	104946	0	0	0	83979	20967	4.01
FLT0	SYST.MOR.0007181	249112	91668	157444	9661	82007	0	91668	0	0	0	73297	18371	3.99
FLT0	SYST.MOR.0007206	249112	94477	154635	9801	84676	0	94477	0	0	0	75381	19096	3.95
FLT0	SYST.MOR.0007221	249112	104960	144152	9062	95898	0	104960	0	0	0	83726	21234	3.94
FLT0	SYST.MOR.0007251	249112	100324	148788	7794	92530	0	100324	0	0	0	79922	20402	3.92
FLT0	MOR0001	249112	92785	156327	9193	83592	0	92785	0	0	0	74097	18688	3.96
FLT0	MOR0004	249112	104619	144493	7354	97265	0	104619	0	0	0	83428	21191	3.94
FLT0	MOR0005	249112	104384	144728	7362	97022	0	104384	0	0	0	83284	21100	3.95
FLT0	MOR0006	249112	96159	152953	8154	88005	0	96159	0	0	0	76644	19515	3.93
FLT0	MOR0007	249112	91935	157177	8961	82974	0	91935	0	0	0	73371	18564	3.95
FLT0	MOR0008	249112	85012	164100	10183	74829	0	85012	0	0	0	68189	16823	4.05
FLT0	MOR0009	249112	94481	154631	8395	86086	0	94481	0	0	0	75609	18872	4.01
FLT0	MOR0012	249112	84804	164308	10020	74784	0	84804	0	0	0	67742	17062	3.97
FLT0	MOR0013	249112	97454	151658	8337	89117	0	97454	0	0	0	77906	19548	3.99
FLT0	MOR0015	249112	85315	163797	9834	75481	0	85315	0	0	0	68059	17256	3.94
FLT0	MOR0016	249112	98781	150331	7899	90882	0	98781	0	0	0	78913	19868	3.97
FLT0	MOR0018	249112	89213	159899	9204	80009	0	89213	0	0	0	71332	17881	3.99
FLT0	MOR0019	249112	95938	153174	8429	87509	0	95938	0	0	0	76273	19665	3.88
FLT0	MOR0021	249112	90104	159008	11000	79104	0	90104	0	0	0	71988	18116	3.97
FLT0	MOR0022	249112	91757	157355	10455	81302	0	91757	0	0	0	73394	18363	4.00
FLT0	MOR0024	249112	94905	154207	10134	84771	0	94905	0	0	0	75973	18932	4.01
FLT0	MOR0025	249112	91345	157767	8913	82432	0	91345	0	0	0	72883	18462	3.95
FLT0	MOR0027	249112	105623	143489	7136	98487	0	105623	0	0	0	84069	21554	3.90
FLT0	MOR0029	249112	92816	156296	8682	84134	0	92816	0	0	0	74224	18592	3.99
FLT0	MOR0030	249112	116617	132495	8289	108328	0	116617	0	0	0	93281	23336	4.00
FLT0	MOR0031	249112	98863	150249	8205	90658	0	98863	0	0	0	78842	20021	3.94
FLT0	MOR0032	249112	108678	140434	6777	101901	0	108678	0	0	0	86656	22022	3.93
FLT0	MOR0033	249112	118256	130856	5896	112360	0	118256	0	0	0	94656	23600	4.01
FLT0	MOR0034	249112	109767	139345	6693	103074	0	109767	0	0	0	87818	21949	4.00
FLT0	MOR0035	249112	98463	150649	10480	87983	0	98463	0	0	0	78675	19788	3.98
FLT0	MOR0036	249112	92948	156164	8658	84290	0	92948	0	0	0	74258	18690	3.97
FLT0	MOR0037	249112	88844	160268	10348	78496	0	88844	0	0	0	71061	17783	4.00
FLT0	MOR0038	249112	89934	159178	8749	81185	0	89934	0	0	0	71856	18078	3.97
FLT0	MOR0039	249112	83857	165255	10247	73610	0	83857	0	0	0	66975	16882	3.97
FLT0	MOR0040	249112	86361	162751	9816	76545	0	86361	0	0	0	68912	17449	3.95
FLT0	MOR0041	249112	98471	150641	9507	88964	0	98471	0	0	0	78920	19551	4.04
FLT0	MOR0042	249112	98459	150653	8867	89592	0	98459	0	0	0	78689	19770	3.98
FLT0	MOR0043	249112	105685	143427	7045	98640	0	105685	0	0	0	84280	21405	3.94
FLT0	MOR0044	249112	109542	139570	6301	103241	0	109542	0	0	0	87321	22221	3.93
FLT0	MOR0045	249112	94095	155017	9088	85007	0	94095	0	0	0	75143	18952	3.96
FLT0	MOR0046	249112	100166	148946	7658	92508	0	100166	0	0	0	79959	20207	3.96
FLT0	MOR0047	249112	108212	140900	10182	98030	0	108212	0	0	0	86459	21753	3.97
FLT0	MOR0048	249112	92838	156274	9121	83717	0	92838	0	0	0	74150	18688	3.97
FLT0	MOR0049	249112	112723	136389	5853	106870	0	112723	0	0	0	89914	22809	3.94
FLT0	MOR0050	249112	88032	161080	10796	77236	0	88032	0	0	0	70404	17628	3.99
FLT0	MOR0051	249112	92663	156449	9062	83601	0	92663	0	0	0	73954	18709	3.95
FLT0	MOR0052	249112	92168	156944	9092	83076	0	92168	0	0	0	73687	18481	3.99
FLT0	MOR0053	249112	93778	155334	8800	84978	0	93778	0	0	0	74805	18973	3.94
FLT0	MOR0054	249112	85734	163378	10919	74815	0	85734	0	0	0	68575	17159	4.00
FLT0	MOR0055	249112	104675	144437	8345	96330	0	104675	0	0	0	83560	21115	3.96
FLT0	MOR0056	249112	92127	156985	10062	82065	0	92127	0	0	0	73673	18454	3.99
FLT0	MOR0057	249112	89382	159730	10907	78475	0	89382	0	0	0	71579	17803	4.02
FLT0	MOR0058	249112	98311	150801	8277	90034	0	98311	0	0	0	78449	19862	3.95
FLT0	MOR0060	249112	86279	162833	9691	76588	0	86279	0	0	0	68750	17529	3.92
FLT0	MOR0061	249112	95996	153116	8367	87629	0	95996	0	0	0	76748	19248	3.99
FLT0	MOR0062	249112	87401	161711	10164	77237	0	87401	0	0	0	69801	17600	3.97
FLT0	MOR0063	249112	90068	159044	9493	80575	0	90068	0	0	0	71842	18226	3.94
FLT0	MOR0066	249112	88558	160554	10956	77602	0	88558	0	0	0	70706	17852	3.96
FLT0	MOR0067	249112	87721	161391	9640	78081	0	87721	0	0	0	70086	17635	3.97
FLT0	MOR0068	249112	86400	162712	9692	76708	0	86400	0	0	0	69033	17367	3.97
FLT0	MOR0069	249112	89885	159227	9265	80620	0	89885	0	0	0	71780	18105	3.96
FLT0	MOR0070	249112	93254	155858	8923	84331	0	93254	0	0	0	74579	18675	3.99
FLT0	MOR0071	249112	94604	154508	8513	86091	0	94604	0	0	0	75644	18960	3.99
FLT0	MOR0075	249112	109056	140056	5865	103191	0	109056	0	0	0	86950	22106	3.93
FLT0	MOR0076	249112	94752	154360	7939	86813	0	94752	0	0	0	75701	19051	3.97
FLT0	MOR0077	249112	98933	150179	8794	90139	0	98933	0	0	0	79097	19836	3.99
FLT0	MOR0078	249112	98902	150210	7909	90993	0	98902	0	0	0	79036	19866	3.98
FLT0	MOR0079	249112	112485	136627	6124	106361	0	112485	0	0	0	89556	22929	3.91
FLT0	MOR0081	249112	98418	150694	10335	88083	0	98418	0	0	0	78446	19972	3.93
FLT0	MOR0082	249112	97736	151376	8538	89198	0	97736	0	0	0	78220	19516	4.01
FLT0	MOR0083	249112	100529	148583	9463	91066	0	100529	0	0	0	80218	20311	3.95
FLT0	MOR0085	249112	103223	145889	7757	95466	0	103223	0	0	0	82177	21046	3.90
FLT0	MOR0087	249112	92942	156170	8856	84086	0	92942	0	0	0	74090	18852	3.93
FLT0	MOR0089	249112	95531	153581	8590	86941	0	95531	0	0	0	76483	19048	4.02
FLT0	MOR0090	249112	89596	159516	9544	80052	0	89596	0	0	0	71739	17857	4.02
FLT0	MOR0091	249112	108804	140308	6880	101924	0	108804	0	0	0	86836	21968	3.95
FLT0	MOR0093	249112	95018	154094	8519	86499	0	95018	0	0	0	75798	19220	3.94
FLT0	MOR0094	249112	106222	142890	9498	96724	0	106222	0	0	0	84775	21447	3.95
FLT0	MOR0096	249112	98008	151104	9666	88342	0	98008	0	0	0	78279	19729	3.97
FLT0	MOR0097	249112	101618	147494	7473	94145	0	101618	0	0	0	80997	20621	3.93
FLT0	MOR0098	249112	108487	140625	6887	101600	0	108487	0	0	0	86339	22148	3.90
FLT0	MOR0100	249112	108783	140329	6496	102287	0	108783	0	0	0	86908	21875	3.97
FLT0	MOR0104	249112	117242	131870	5849	111393	0	117242	0	0	0	93573	23669	3.95
FLT0	MOR0107	249112	92767	156345	9981	82786	0	92767	0	0	0	74216	18551	4.00
FLT0	MOR0109	249112	96484	152628	9865	86619	0	96484	0	0	0	77080	19404	3.97
FLT0	MOR0111	249112	97440	151672	8305	89135	0	97440	0	0	0	77792	19648	3.96
FLT0	MOR0112	249112	110367	138745	6683	103684	0	110367	0	0	0	88265	22102	3.99
FLT0	MOR0113	249112	102746	146366	9949	92797	0	102746	0	0	0	82065	20681	3.97
FLT0	MOR0114	249112	95355	153757	8705	86650	0	95355	0	0	0	76008	19347	3.93
FLT0	MOR0116	249112	93140	155972	10989	82151	0	93140	0	0	0	74310	18830	3.95
FLT0	MOR0118	249112	110625	138487	6265	104360	0	110625	0	0	0	88141	22484	3.92
FLT0	MOR0119	249112	102394	146718	7904	94490	0	102394	0	0	0	81666	20728	3.94
FLT0	MOR0120	249112	98689	150423	9956	88733	0	98689	0	0	0	78992	19697	4.01
FLT0	MOR0121	249112	100007	149105	7982	92025	0	100007	0	0	0	79659	20348	3.91
FLT0	MOR0122	249112	110865	138247	6665	104200	0	110865	0	0	0	88396	22469	3.93
FLT0	MOR0123	249112	110721	138391	6476	104245	0	110721	0	0	0	88124	22597	3.90
FLT0	MOR0124	249112	94436	154676	9125	85311	0	94436	0	0	0	75187	19249	3.91
FLT0	MOR0125	249112	94760	154352	8926	85834	0	94760	0	0	0	75561	19199	3.94
FLT0	MOR0127	249112	108193	140919	6879	101314	0	108193	0	0	0	86379	21814	3.96
FLT0	MOR0128	249112	97643	151469	8649	88994	0	97643	0	0	0	77911	19732	3.95
FLT0	MOR0129	249112	108545	140567	7463	101082	0	108545	0	0	0	86590	21955	3.94
FLT0	MOR0131	249112	109477	139635	7194	102283	0	109477	0	0	0	87424	22053	3.96
FLT0	MOR0132	249112	89426	159686	9568	79858	0	89426	0	0	0	71360	18066	3.95
FLT0	MOR0133	249112	109212	139900	7373	101839	0	109212	0	0	0	87262	21950	3.98
FLT0	MOR0136	249112	94897	154215	9557	85340	0	94897	0	0	0	75593	19304	3.92
FLT0	MOR0137	249112	110085	139027	6805	103280	0	110085	0	0	0	87720	22365	3.92
FLT0	MOR0138	249112	91415	157697	9201	82214	0	91415	0	0	0	73098	18317	3.99
FLT0	MOR0139	249112	111287	137825	6922	104365	0	111287	0	0	0	88671	22616	3.92
FLT0	MOR0140	249112	99893	149219	10812	89081	0	99893	0	0	0	79814	20079	3.97
FLT0	MOR0141	249112	99026	150086	8192	90834	0	99026	0	0	0	79058	19968	3.96
FLT0	MOR0142	249112	101078	148034	8188	92890	0	101078	0	0	0	80683	20395	3.96
FLT0	MOR0143	249112	92379	156733	11003	81376	0	92379	0	0	0	73812	18567	3.98
FLT0	MOR0144	249112	92295	156817	9088	83207	0	92295	0	0	0	73617	18678	3.94
FLT0	MOR0145	249112	97511	151601	8250	89261	0	97511	0	0	0	77738	19773	3.93
FLT0	MOR0146	249112	97993	151119	8738	89255	0	97993	0	0	0	78269	19724	3.97
FLT0	MOR0147	249112	93438	155674	9226	84212	0	93438	0	0	0	74690	18748	3.98
FLT0	MOR0148	249112	94934	154178	8913	86021	0	94934	0	0	0	75705	19229	3.94
FLT0	MOR0149	249112	87579	161533	9995	77584	0	87579	0	0	0	69995	17584	3.98
FLT0	MOR0150	249112	106804	142308	7089	99715	0	106804	0	0	0	85087	21717	3.92
FLT0	MOR0151	249112	90006	159106	9010	80996	0	90006	0	0	0	71676	18330	3.91
FLT0	MOR0152	249112	104272	144840	7823	96449	0	104272	0	0	0	83131	21141	3.93
FLT0	MOR0153	249112	86960	162152	10414	76546	0	86960	0	0	0	69419	17541	3.96
FLT0	MOR0154	249112	91537	157575	9426	82111	0	91537	0	0	0	73222	18315	4.00
FLT0	MOR0156	249112	85400	163712	10237	75163	0	85400	0	0	0	68163	17237	3.95
FLT0	MOR0157	249112	95504	153608	8746	86758	0	95504	0	0	0	76056	19448	3.91
FLT0	MOR0158	249112	84821	164291	10467	74354	0	84821	0	0	0	67794	17027	3.98
FLT0	MOR0159	249112	86254	162858	11078	75176	0	86254	0	0	0	69022	17232	4.01
FLT0	MOR0160	249112	86086	163026	10743	75343	0	86086	0	0	0	68610	17476	3.93
FLT0	MOR0161	249112	86805	162307	10100	76705	0	86805	0	0	0	69210	17595	3.93
FLT0	MOR0163	249112	93249	155863	8885	84364	0	93249	0	0	0	74450	18799	3.96
FLT0	MOR0164	249112	91175	157937	9338	81837	0	91175	0	0	0	72739	18436	3.95
FLT0	MOR0165	249112	105066	144046	7360	97706	0	105066	0	0	0	83872	21194	3.96
FLT0	MOR0167	249112	101055	148057	8079	92976	0	101055	0	0	0	80736	20319	3.97
FLT0	MOR0169	249112	92899	156213	8914	83985	0	92899	0	0	0	74211	18688	3.97
FLT0	MOR0170	249112	95376	153736	10444	84932	0	95376	0	0	0	76229	19147	3.98
FLT0	MOR0171	249112	92508	156604	8841	83667	0	92508	0	0	0	73740	18768	3.93
FLT0	MOR0172	249112	96573	152539	8480	88093	0	96573	0	0	0	77139	19434	3.97
FLT0	MOR0173	249112	94493	154619	8857	85636	0	94493	0	0	0	75330	19163	3.93
FLT0	MOR0174	249112	93731	155381	8777	84954	0	93731	0	0	0	74739	18992	3.94
FLT0	MOR0175	249112	109102	140010	9173	99929	0	109102	0	0	0	86987	22115	3.93
FLT0	MOR0177	249112	92820	156292	9275	83545	0	92820	0	0	0	74239	18581	4.00
FLT0	MOR0179	249112	115006	134106	6094	108912	0	115006	0	0	0	91779	23227	3.95
FLT0	MOR0181	249112	104008	145104	9942	94066	0	104008	0	0	0	83176	20832	3.99
FLT0	MOR0182	249112	104246	144866	7219	97027	0	104246	0	0	0	83279	20967	3.97
FLT0	MOR0184	249112	111983	137129	6393	105590	0	111983	0	0	0	89489	22494	3.98
FLT0	MOR0185	249112	99555	149557	10491	89064	0	99555	0	0	0	79704	19851	4.02
FLT0	MOR0186	249112	98245	150867	8877	89368	0	98245	0	0	0	78406	19839	3.95
FLT0	MOR0187	249112	96511	152601	8714	87797	0	96511	0	0	0	76994	19517	3.94
FLT0	MOR0189	249112	97012	152100	8315	88697	0	97012	0	0	0	77333	19679	3.93
FLT0	MOR0190	249112	112799	136313	7189	105610	0	112799	0	0	0	90159	22640	3.98
FLT0	MOR0192	249112	113413	135699	6330	107083	0	113413	0	0	0	90558	22855	3.96
FLT0	MOR0193	249112	118006	131106	5802	112204	0	118006	0	0	0	94169	23837	3.95
FLT0	MOR0195	249112	117363	131749	5812	111551	0	117363	0	0	0	93567	23796	3.93
FLT0	MOR0197	249112	115326	133786	8858	106468	0	115326	0	0	0	91990	23336	3.94
FLT0	MOR0198	249112	116505	132607	6235	110270	0	116505	0	0	0	93089	23416	3.98
FLT0	MOR0199	249112	104048	145064	7617	96431	0	104048	0	0	0	83097	20951	3.97
FLT0	MOR0200	249112	123545	125567	5459	118086	0	123545	0	0	0	98638	24907	3.96
FLT0	MOR0201	249112	89986	159126	10660	79326	0	89986	0	0	0	71876	18110	3.97
FLT0	MOR0202	249112	98609	150503	8149	90460	0	98609	0	0	0	78578	20031	3.92
FLT0	MOR0203	249112	107279	141833	10335	96944	0	107279	0	0	0	85735	21544	3.98
FLT0	MOR0205	249112	104516	144596	7478	97038	0	104516	0	0	0	83451	21065	3.96
FLT0	MOR0207	249112	103793	145319	10274	93519	0	103793	0	0	0	82885	20908	3.96
FLT0	MOR0208	249112	112850	136262	8987	103863	0	112850	0	0	0	90317	22533	4.01
FLT0	MOR0210	249112	93763	155349	9048	84715	0	93763	0	0	0	75038	18725	4.01
FLT0	MOR0212	249112	103349	145763	7827	95522	0	103349	0	0	0	82587	20762	3.98
FLT0	MOR0216	249112	106410	142702	7681	98729	0	106410	0	0	0	84962	21448	3.96
FLT0	MOR0218	249112	94163	154949	11120	83043	0	94163	0	0	0	75071	19092	3.93
FLT0	MOR0219	249112	114956	134156	5999	108957	0	114956	0	0	0	91825	23131	3.97
FLT0	MOR0220	249112	95497	153615	8710	86787	0	95497	0	0	0	76314	19183	3.98
FLT0	MOR0221	249112	109869	139243	7074	102795	0	109869	0	0	0	87724	22145	3.96
FLT0	MOR0222	249112	105376	143736	7538	97838	0	105376	0	0	0	84093	21283	3.95
FLT0	MOR0224	249112	112386	136726	8950	103436	0	112386	0	0	0	89812	22574	3.98
FLT0	MOR0226	249112	105037	144075	7380	97657	0	105037	0	0	0	84039	20998	4.00
FLT0	MOR0227	249112	110323	138789	6718	103605	0	110323	0	0	0	88127	22196	3.97
FLT0	MOR0228	249112	117110	132002	4406	112704	0	117110	0	0	0	93748	23362	4.01
FLT0	MOR0229	249112	97825	151287	8260	89565	0	97825	0	0	0	78000	19825	3.93
FLT0	MOR0231	249112	94173	154939	11266	82907	0	94173	0	0	0	75299	18874	3.99
FLT0	MOR0232	249112	101891	147221	10357	91534	0	101891	0	0	0	81512	20379	4.00
FLT0	MOR0235	249112	92376	156736	9047	83329	0	92376	0	0	0	73889	18487	4.00
FLT0	MOR0237	249112	100805	148307	7884	92921	0	100805	0	0	0	80490	20315	3.96
FLT0	MOR0239	249112	98218	150894	8344	89874	0	98218	0	0	0	78618	19600	4.01
FLT0	MOR0241	249112	114401	134711	8910	105491	0	114401	0	0	0	91519	22882	4.00
FLT0	MOR0242	249112	103785	145327	9718	94067	0	103785	0	0	0	82834	20951	3.95
FLT0	MOR0246	249112	116314	132798	8841	107473	0	116314	0	0	0	92931	23383	3.97
FLT0	MOR0247	249112	86584	162528	10490	76094	0	86584	0	0	0	69094	17490	3.95
FLT0	MOR0249	249112	85581	163531	10200	75381	0	85581	0	0	0	68262	17319	3.94
FLT0	MOR0251	249112	93003	156109	9851	83152	0	93003	0	0	0	74242	18761	3.96
FLT0	MOR0252	249112	93790	155322	10814	82976	0	93790	0	0	0	75008	18782	3.99
FLT0	MOR0253	249112	109329	139783	7131	102198	0	109329	0	0	0	87184	22145	3.94
FLT0	MOR0254	249112	103175	145937	7679	95496	0	103175	0	0	0	82511	20664	3.99
FLT0	MOR0255	249112	110982	138130	10207	100775	0	110982	0	0	0	88505	22477	3.94
FLT0	MOR0256	249112	103134	145978	10827	92307	0	103134	0	0	0	82456	20678	3.99
FLT0	MOR0257	249112	89309	159803	12370	76939	0	89309	0	0	0	71207	18102	3.93
FLT0	MOR0259	249112	128484	120628	5063	123421	0	128484	0	0	0	102567	25917	3.96
FLT0	MOR0260	249112	93671	155441	11061	82610	0	93671	0	0	0	74958	18713	4.01
FLT0	MOR0261	249112	120470	128642	7252	113218	0	120470	0	0	0	96386	24084	4.00
FLT0	MOR0262	249112	98699	150413	8419	90280	0	98699	0	0	0	78988	19711	4.01
FLT0	MOR0263	249112	110066	139046	9133	100933	0	110066	0	0	0	88058	22008	4.00
FLT0	MOR0264	249112	100000	149112	8206	91794	0	100000	0	0	0	79772	20228	3.94
FLT0	MOR0265	249112	92342	156770	9683	82659	0	92342	0	0	0	73780	18562	3.97
FLT0	MOR0266	249112	122977	126135	5517	117460	0	122977	0	0	0	98050	24927	3.93
FLT0	MOR0267	249112	107003	142109	8073	98930	0	107003	0	0	0	85429	21574	3.96
FLT0	MOR0269	249112	89900	159212	10110	79790	0	89900	0	0	0	71937	17963	4.00
FLT0	MOR0270	249112	103908	145204	7141	96767	0	103908	0	0	0	82764	21144	3.91
FLT0	MOR0271	249112	95485	153627	8843	86642	0	95485	0	0	0	76173	19312	3.94
FLT0	MOR0272	249112	102146	146966	7645	94501	0	102146	0	0	0	81631	20515	3.98
FLT0	MOR0273	249112	84111	165001	10386	73725	0	84111	0	0	0	67002	17109	3.92
FLT0	MOR0274	249112	107395	141717	10018	97377	0	107395	0	0	0	85640	21755	3.94
FLT0	MOR0276	249112	94960	154152	9721	85239	0	94960	0	0	0	75754	19206	3.94
FLT0	MOR0278	249112	97864	151248	8164	89700	0	97864	0	0	0	78138	19726	3.96
FLT0	MOR0279	249112	104005	145107	7285	96720	0	104005	0	0	0	83392	20613	4.05
FLT0	MOR0281	249112	116961	132151	5932	111029	0	116961	0	0	0	93241	23720	3.93
FLT0	MOR0282	249112	98590	150522	11103	87487	0	98590	0	0	0	78760	19830	3.97
FLT0	MOR0284	249112	96115	152997	11017	85098	0	96115	0	0	0	76814	19301	3.98
FLT0	MOR0287	249112	101057	148055	8182	92875	0	101057	0	0	0	80768	20289	3.98
FLT0	MOR0289	249112	92020	157092	9510	82510	0	92020	0	0	0	73548	18472	3.98
FLT0	MOR0290	249112	102760	146352	10474	92286	0	102760	0	0	0	82207	20553	4.00
FLT0	MOR0291	249112	101654	147458	10359	91295	0	101654	0	0	0	81246	20408	3.98
FLT0	MOR0292	249112	119827	129285	5619	114208	0	119827	0	0	0	95665	24162	3.96
FLT0	MOR0293	249112	99616	149496	7962	91654	0	99616	0	0	0	79507	20109	3.95
FLT0	MOR0294	249112	108385	140727	9510	98875	0	108385	0	0	0	86618	21767	3.98
FLT0	MOR0295	249112	105562	143550	9705	95857	0	105562	0	0	0	84357	21205	3.98
FLT0	MOR0297	249112	122366	126746	5137	117229	0	122366	0	0	0	97488	24878	3.92
FLT0	MOR0298	249112	90846	158266	11256	79590	0	90846	0	0	0	72739	18107	4.02
FLT0	MOR0299	249112	99143	149969	10342	88801	0	99143	0	0	0	79247	19896	3.98
FLT0	MOR0300	249112	95970	153142	13935	82035	0	95970	0	0	0	76705	19265	3.98
FLT0	MOR0301	249112	114909	134203	5979	108930	0	114909	0	0	0	91751	23158	3.96
FLT0	MOR0302	249112	84659	164453	9869	74790	0	84659	0	0	0	67478	17181	3.93
FLT0	MOR0304	249112	99302	149810	8345	90957	0	99302	0	0	0	79337	19965	3.97
FLT0	MOR0305	249112	89156	159956	9461	79695	0	89156	0	0	0	71042	18114	3.92
FLT0	MOR0306	249112	104694	144418	10627	94067	0	104694	0	0	0	83417	21277	3.92
FLT0	MOR0307	249112	93975	155137	8549	85426	0	93975	0	0	0	74928	19047	3.93
FLT0	MOR0309	249112	109030	140082	6637	102393	0	109030	0	0	0	86978	22052	3.94
FLT0	MOR0310	249112	90709	158403	9368	81341	0	90709	0	0	0	72431	18278	3.96
FLT0	MOR0311	249112	90189	158923	9558	80631	0	90189	0	0	0	71877	18312	3.93
FLT0	MOR0312	249112	90418	158694	10921	79497	0	90418	0	0	0	72225	18193	3.97
FLT0	MOR0313	249112	98536	150576	10821	87715	0	98536	0	0	0	78539	19997	3.93
FLT0	MOR0314	249112	94334	154778	8665	85669	0	94334	0	0	0	75416	18918	3.99
FLT0	MOR0315	249112	86731	162381	9951	76780	0	86731	0	0	0	69152	17579	3.93
FLT0	MOR0316	249112	88808	160304	12011	76797	0	88808	0	0	0	70834	17974	3.94
FLT0	MOR0317	249112	92602	156510	11064	81538	0	92602	0	0	0	74001	18601	3.98
FLT0	MOR0318	249112	90184	158928	9610	80574	0	90184	0	0	0	72095	18089	3.99
FLT0	MOR0319	249112	98140	150972	8418	89722	0	98140	0	0	0	78213	19927	3.92
FLT0	MOR0320	249112	101550	147562	10836	90714	0	101550	0	0	0	81174	20376	3.98
FLT0	MOR0321	249112	109246	139866	6644	102602	0	109246	0	0	0	86998	22248	3.91
FLT0	MOR0322	249112	97093	152019	10115	86978	0	97093	0	0	0	77613	19480	3.98
FLT0	MOR0323	249112	94212	154900	9276	84936	0	94212	0	0	0	75365	18847	4.00
FLT0	MOR0324	249112	117893	131219	5662	112231	0	117893	0	0	0	94201	23692	3.98
FLT0	MOR0326	249112	106391	142721	6890	99501	0	106391	0	0	0	84890	21501	3.95
FLT0	MOR0327	249112	101177	147935	10338	90839	0	101177	0	0	0	80712	20465	3.94
FLT0	MOR0328	249112	89771	159341	11435	78336	0	89771	0	0	0	71790	17981	3.99
FLT0	MOR0329	249112	88092	161020	12797	75295	0	88092	0	0	0	70250	17842	3.94
FLT0	MOR0330	249112	92794	156318	9523	83271	0	92794	0	0	0	74182	18612	3.99
FLT0	MOR0331	249112	88713	160399	9515	79198	0	88713	0	0	0	70741	17972	3.94
FLT0	MOR0333	249112	109317	139795	9112	100205	0	109317	0	0	0	87184	22133	3.94
FLT0	MOR0335	249112	92647	156465	9348	83299	0	92647	0	0	0	73952	18695	3.96
FLT0	MOR0336	249112	84858	164254	10029	74829	0	84858	0	0	0	67622	17236	3.92
FLT0	MOR0337	249112	91569	157543	9333	82236	0	91569	0	0	0	72988	18581	3.93
FLT0	MOR0338	249112	87699	161413	12091	75608	0	87699	0	0	0	69872	17827	3.92
FLT0	MOR0340	249112	88485	160627	10022	78463	0	88485	0	0	0	70804	17681	4.00
FLT0	MOR0342	249112	88846	160266	12111	76735	0	88846	0	0	0	71097	17749	4.01
FLT0	MOR0343	249112	95550	153562	11708	83842	0	95550	0	0	0	76474	19076	4.01
FLT0	MOR0345	249112	85835	163277	10055	75780	0	85835	0	0	0	68305	17530	3.90
FLT0	MOR0346	249112	89586	159526	11061	78525	0	89586	0	0	0	71525	18061	3.96
FLT0	MOR0347	249112	86999	162113	9727	77272	0	86999	0	0	0	69309	17690	3.92
FLT0	MOR0348	249112	93200	155912	8725	84475	0	93200	0	0	0	74336	18864	3.94
FLT0	MOR0351	249112	90943	158169	11440	79503	0	90943	0	0	0	72768	18175	4.00
FLT0	MOR0352	249112	95865	153247	9677	86188	0	95865	0	0	0	76610	19255	3.98
FLT0	MOR0353	249112	96734	152378	8842	87892	0	96734	0	0	0	77130	19604	3.93
FLT0	MOR0354	249112	108257	140855	9266	98991	0	108257	0	0	0	86391	21866	3.95
FLT0	MOR0355	249112	117263	131849	5774	111489	0	117263	0	0	0	93667	23596	3.97
FLT0	MOR0357	249112	90629	158483	10708	79921	0	90629	0	0	0	72507	18122	4.00
FLT0	MOR0358	249112	85499	163613	10871	74628	0	85499	0	0	0	68369	17130	3.99
FLT0	MOR0359	249112	100343	148769	8327	92016	0	100343	0	0	0	80085	20258	3.95
FLT0	MOR0361	249112	85812	163300	10534	75278	0	85812	0	0	0	68418	17394	3.93
FLT0	MOR0362	249112	96058	153054	8265	87793	0	96058	0	0	0	76476	19582	3.91
FLT0	MOR0363	249112	90768	158344	9528	81240	0	90768	0	0	0	72245	18523	3.90
FLT0	MOR0364	249112	94128	154984	10650	83478	0	94128	0	0	0	75190	18938	3.97
FLT0	MOR0365	249112	104115	144997	9792	94323	0	104115	0	0	0	83055	21060	3.94
FLT0	MOR0366	249112	106372	142740	7521	98851	0	106372	0	0	0	85006	21366	3.98
FLT0	MOR0368	249112	103892	145220	7342	96550	0	103892	0	0	0	83073	20819	3.99
FLT0	MOR0369	249112	91458	157654	10097	81361	0	91458	0	0	0	73010	18448	3.96
FLT0	MOR0371	249112	100309	148803	10442	89867	0	100309	0	0	0	80041	20268	3.95
FLT0	MOR0373	249112	92959	156153	11091	81868	0	92959	0	0	0	74195	18764	3.95
FLT0	MOR0374	249112	103108	146004	7827	95281	0	103108	0	0	0	82212	20896	3.93
FLT0	MOR0375	249112	101790	147322	7569	94221	0	101790	0	0	0	81105	20685	3.92
FLT0	MOR0376	249112	113651	135461	9244	104407	0	113651	0	0	0	90788	22863	3.97
FLT0	MOR0377	249112	121461	127651	5275	116186	0	121461	0	0	0	96999	24462	3.97
FLT0	MOR0380	249112	114207	134905	5754	108453	0	114207	0	0	0	91027	23180	3.93
FLT0	MOR0381	249112	93627	155485	8782	84845	0	93627	0	0	0	74755	18872	3.96
FLT0	MOR0382	249112	106584	142528	6737	99847	0	106584	0	0	0	85043	21541	3.95
FLT0	MOR0383	249112	106537	142575	9478	97059	0	106537	0	0	0	85050	21487	3.96
FLT0	MOR0384	249112	88001	161111	10944	77057	0	88001	0	0	0	70260	17741	3.96
FLT0	MOR0385	249112	89136	159976	9943	79193	0	89136	0	0	0	71151	17985	3.96
FLT0	MOR0386	249112	95954	153158	8709	87245	0	95954	0	0	0	76833	19121	4.02
FLT0	MOR0388	249112	101853	147259	7751	94102	0	101853	0	0	0	81389	20464	3.98
FLT0	MOR0389	249112	114498	134614	6112	108386	0	114498	0	0	0	91471	23027	3.97
FLT0	MOR0391	249112	129317	119795	4540	124777	0	129317	0	0	0	103233	26084	3.96
FLT0	MOR0393	249112	101476	147636	8964	92512	0	101476	0	0	0	81111	20365	3.98
FLT0	MOR0394	249112	93796	155316	9234	84562	0	93796	0	0	0	74927	18869	3.97
FLT0	MOR0395	249112	116362	132750	5890	110472	0	116362	0	0	0	92955	23407	3.97
FLT0	MOR0398	249112	115223	133889	7487	107736	0	115223	0	0	0	92000	23223	3.96
FLT0	MOR0399	249112	91695	157417	9454	82241	0	91695	0	0	0	73334	18361	3.99
FLT0	MOR0401	249112	96226	152886	9649	86577	0	96226	0	0	0	76794	19432	3.95
FLT0	MOR0402	249112	109641	139471	6702	102939	0	109641	0	0	0	87549	22092	3.96
FLT0	MOR0403	249112	100195	148917	10491	89704	0	100195	0	0	0	80111	20084	3.99
FLT0	MOR0404	249112	136097	113015	6759	129338	0	136097	0	0	0	109031	27066	4.03
FLT0	MOR0407	249112	120700	128412	8670	112030	0	120700	0	0	0	96573	24127	4.00
FLT0	MOR0408	249112	142164	106948	3613	138551	0	142164	0	0	0	114173	27991	4.08
FLT0	MOR0413	249112	139054	110058	5385	133669	0	139054	0	0	0	111434	27620	4.03
FLT0	MOR0416	249112	137959	111153	4176	133783	0	137959	0	0	0	110655	27304	4.05
FLT0	MOR0420	249112	100089	149023	8759	91330	0	100089	0	0	0	80085	20004	4.00
FLT0	MOR0433	249112	101482	147630	8664	92818	0	101482	0	0	0	81160	20322	3.99
FLT0	MOR0435	249112	132441	116671	7511	124930	0	132441	0	0	0	105914	26527	3.99
FLT0	MOR0441	249112	142213	106899	5735	136478	0	142213	0	0	0	114087	28126	4.06
FLT0	MOR0444	249112	96763	152349	11773	84990	0	96763	0	0	0	77448	19315	4.01
FLT0	MOR0447	249112	140571	108541	5943	134628	0	140571	0	0	0	112670	27901	4.04
FLT0	MOR0449	249112	94438	154674	9992	84446	0	94438	0	0	0	75358	19080	3.95
FLT0	MOR0454	249112	136945	112167	4018	132927	0	136945	0	0	0	109772	27173	4.04
FLT0	MOR0458	249112	110118	138994	9953	100165	0	110118	0	0	0	87854	22264	3.95
FLT0	MOR0460	249112	116456	132656	7965	108491	0	116456	0	0	0	93203	23253	4.01
FLT0	MOR0464	249112	133202	115910	6201	127001	0	133202	0	0	0	106479	26723	3.98
FLT0	MOR0466	249112	93170	155942	9630	83540	0	93170	0	0	0	74526	18644	4.00
FLT0	MOR0474	249112	101891	147221	10373	91518	0	101891	0	0	0	81506	20385	4.00
FLT0	MOR0484	249112	106633	142479	9786	96847	0	106633	0	0	0	85308	21325	4.00
FLT0	MOR0485	249112	128451	120661	7670	120781	0	128451	0	0	0	102783	25668	4.00
FLT0	MOR0492	249112	100932	148180	8337	92595	0	100932	0	0	0	80584	20348	3.96
FLT0	MOR0494	249112	139995	109117	3740	136255	0	139995	0	0	0	112127	27868	4.02
FLT0	MOR0495	249112	101262	147850	8424	92838	0	101262	0	0	0	80771	20491	3.94
FLT0	MOR0504	249112	102295	146817	7252	95043	0	102295	0	0	0	81611	20684	3.95
FLT0	MOR0505	249112	96310	152802	9060	87250	0	96310	0	0	0	76848	19462	3.95
FLT0	MOR0506	249112	112025	137087	6258	105767	0	112025	0	0	0	89140	22885	3.90
FLT0	MOR0508	249112	101127	147985	7800	93327	0	101127	0	0	0	80622	20505	3.93
FLT0	MOR0510	249112	102239	146873	7489	94750	0	102239	0	0	0	81570	20669	3.95
FLT0	MOR0511	249112	108999	140113	6616	102383	0	108999	0	0	0	86903	22096	3.93
FLT0	MOR0512	249112	109154	139958	6817	102337	0	109154	0	0	0	86860	22294	3.90
FLT0	MOR0513	249112	105083	144029	7359	97724	0	105083	0	0	0	83656	21427	3.90
FLT0	MOR0515	249112	104877	144235	7616	97261	0	104877	0	0	0	83688	21189	3.95
FLT0	MOR0517	249112	120472	128640	5588	114884	0	120472	0	0	0	96308	24164	3.99
FLT0	MOR0518	249112	110312	138800	6463	103849	0	110312	0	0	0	87832	22480	3.91
FLT0	MOR0519	249112	99100	150012	8231	90869	0	99100	0	0	0	78963	20137	3.92
FLT0	MOR0522	249112	95414	153698	9348	86066	0	95414	0	0	0	76171	19243	3.96
FLT0	MOR0523	249112	121340	127772	5179	116161	0	121340	0	0	0	96609	24731	3.91
FLT0	MOR0524	249112	102950	146162	7414	95536	0	102950	0	0	0	81948	21002	3.90
FLT0	MOR0525	249112	103036	146076	7251	95785	0	103036	0	0	0	82211	20825	3.95
FLT0	MOR0526	249112	108768	140344	6576	102192	0	108768	0	0	0	86718	22050	3.93
FLT0	MOR0527	249112	106684	142428	6861	99823	0	106684	0	0	0	84944	21740	3.91
FLT0	MOR0528	249112	91076	158036	10462	80614	0	91076	0	0	0	72681	18395	3.95
FLT0	MOR0529	249112	104157	144955	7343	96814	0	104157	0	0	0	83097	21060	3.95
FLT0	MOR0530	249112	92840	156272	10301	82539	0	92840	0	0	0	74168	18672	3.97
FLT0	MOR0531	249112	109708	139404	6896	102812	0	109708	0	0	0	87643	22065	3.97
FLT0	MOR0532	249112	101071	148041	7745	93326	0	101071	0	0	0	80718	20353	3.97
FLT0	MOR0534	249112	97751	151361	9743	88008	0	97751	0	0	0	78014	19737	3.95
FLT0	MOR0535	249112	112015	137097	6145	105870	0	112015	0	0	0	89092	22923	3.89
FLT0	MOR0536	249112	112599	136513	6121	106478	0	112599	0	0	0	89448	23151	3.86
FLT0	MOR0538	249112	107532	141580	6767	100765	0	107532	0	0	0	85581	21951	3.90
FLT0	MOR0541	249112	109075	140037	6381	102694	0	109075	0	0	0	87028	22047	3.95
FLT0	MOR0542	249112	96595	152517	10210	86385	0	96595	0	0	0	76906	19689	3.91
FLT0	MOR0544	249112	115273	133839	6000	109273	0	115273	0	0	0	91916	23357	3.94
FLT0	MOR0546	249112	88059	161053	9406	78653	0	88059	0	0	0	70296	17763	3.96
FLT0	MOR0549	249112	108600	140512	6800	101800	0	108600	0	0	0	86262	22338	3.86
FLT0	MOR0552	249112	90102	159010	10146	79956	0	90102	0	0	0	71974	18128	3.97
FLT0	MOR0553	249112	99354	149758	7850	91504	0	99354	0	0	0	79201	20153	3.93
FLT0	MOR0554	249112	92823	156289	8673	84150	0	92823	0	0	0	74020	18803	3.94
FLT0	MOR0555	249112	115450	133662	6119	109331	0	115450	0	0	0	92205	23245	3.97
FLT0	MOR0558	249112	90671	158441	9006	81665	0	90671	0	0	0	72299	18372	3.94
FLT0	MOR0560	249112	97672	151440	8268	89404	0	97672	0	0	0	77919	19753	3.94
FLT0	MOR0561	249112	93334	155778	8561	84773	0	93334	0	0	0	74346	18988	3.92
FLT0	MOR0562	249112	106865	142247	6808	100057	0	106865	0	0	0	85135	21730	3.92
FLT0	MOR0567	249112	87361	161751	9649	77712	0	87361	0	0	0	69637	17724	3.93
FLT0	MOR0569	249112	98470	150642	9484	88986	0	98470	0	0	0	78555	19915	3.94
FLT0	MOR0570	249112	97363	151749	8034	89329	0	97363	0	0	0	77779	19584	3.97
FLT0	MOR0571	249112	108518	140594	6744	101774	0	108518	0	0	0	86502	22016	3.93
FLT0	MOR0572	249112	121253	127859	4895	116358	0	121253	0	0	0	96737	24516	3.95
FLT0	MOR0573	249112	99491	149621	7785	91706	0	99491	0	0	0	79284	20207	3.92
FLT0	MOR0574	249112	102011	147101	7500	94511	0	102011	0	0	0	81541	20470	3.98
FLT0	MOR0578	249112	118156	130956	5333	112823	0	118156	0	0	0	94210	23946	3.93
FLT0	MOR0579	249112	98605	150507	7949	90656	0	98605	0	0	0	78685	19920	3.95
FLT0	MOR0580	249112	112443	136669	8395	104048	0	112443	0	0	0	89719	22724	3.95
FLT0	MOR0582	249112	117728	131384	5446	112282	0	117728	0	0	0	93821	23907	3.92
FLT0	MOR0583	249112	113480	135632	6012	107468	0	113480	0	0	0	90407	23073	3.92
FLT0	MOR0584	249112	98767	150345	9606	89161	0	98767	0	0	0	78687	20080	3.92
FLT0	MOR0587	249112	116841	132271	6032	110809	0	116841	0	0	0	93556	23285	4.02
FLT0	MOR0588	249112	97142	151970	7785	89357	0	97142	0	0	0	77470	19672	3.94
FLT0	MOR0589	249112	115103	134009	5885	109218	0	115103	0	0	0	91559	23544	3.89
FLT0	MOR0591	249112	118296	130816	5519	112777	0	118296	0	0	0	94240	24056	3.92
FLT0	MOR0592	249112	87525	161587	9455	78070	0	87525	0	0	0	69579	17946	3.88
FLT0	MOR0593	249112	108676	140436	6818	101858	0	108676	0	0	0	86351	22325	3.87
FLT0	MOR0594	249112	89100	160012	10328	78772	0	89100	0	0	0	71150	17950	3.96
FLT0	MOR0595	249112	118653	130459	5501	113152	0	118653	0	0	0	94651	24002	3.94
FLT0	MOR0596	249112	96746	152366	8442	88304	0	96746	0	0	0	77346	19400	3.99
FLT0	MOR0597	249112	111663	137449	8859	102804	0	111663	0	0	0	89139	22524	3.96
FLT0	MOR0598	249112	118001	131111	6614	111387	0	118001	0	0	0	94133	23868	3.94
FLT0	MOR0599	249112	106123	142989	6558	99565	0	106123	0	0	0	84635	21488	3.94
FLT0	MOR0600	249112	90670	158442	8752	81918	0	90670	0	0	0	72290	18380	3.93
FLT0	MOR0602	249112	90061	159051	8888	81173	0	90061	0	0	0	71791	18270	3.93
FLT0	MOR0604	249112	96410	152702	8511	87899	0	96410	0	0	0	77058	19352	3.98
FLT0	MOR0605	249112	86149	162963	9670	76479	0	86149	0	0	0	68746	17403	3.95
FLT0	MOR0606	249112	108506	140606	6752	101754	0	108506	0	0	0	86689	21817	3.97
FLT0	MOR0607	249112	97669	151443	10280	87389	0	97669	0	0	0	78194	19475	4.02
FLT0	MOR0608	249112	98114	150998	8322	89792	0	98114	0	0	0	78400	19714	3.98
FLT0	MOR0612	249112	109897	139215	6593	103304	0	109897	0	0	0	87772	22125	3.97
FLT0	MOR0614	249112	121890	127222	5693	116197	0	121890	0	0	0	97398	24492	3.98
FLT0	MOR0615	249112	91571	157541	8815	82756	0	91571	0	0	0	73081	18490	3.95
FLT0	MOR0616	249112	105996	143116	8100	97896	0	105996	0	0	0	84786	21210	4.00
FLT0	MOR0617	249112	99123	149989	8145	90978	0	99123	0	0	0	79099	20024	3.95
FLT0	MOR0618	249112	94614	154498	8873	85741	0	94614	0	0	0	75391	19223	3.92
FLT0	MOR0619	249112	116862	132250	6217	110645	0	116862	0	0	0	93146	23716	3.93
FLT0	MOR0621	249112	108097	141015	6952	101145	0	108097	0	0	0	86292	21805	3.96
FLT0	MOR0622	249112	102133	146979	7530	94603	0	102133	0	0	0	81305	20828	3.90
FLT0	MOR0623	249112	102418	146694	7973	94445	0	102418	0	0	0	81805	20613	3.97
FLT0	MOR0624	249112	85526	163586	11580	73946	0	85526	0	0	0	68494	17032	4.02
FLT0	MOR0625	249112	99194	149918	7605	91589	0	99194	0	0	0	78939	20255	3.90
FLT0	MOR0629	249112	93364	155748	10344	83020	0	93364	0	0	0	74709	18655	4.00
FLT0	MOR0630	249112	87967	161145	9370	78597	0	87967	0	0	0	70019	17948	3.90
FLT0	MOR0632	249112	97524	151588	8154	89370	0	97524	0	0	0	77676	19848	3.91
FLT0	MOR0633	249112	94394	154718	8884	85510	0	94394	0	0	0	75680	18714	4.04
FLT0	MOR0635	249112	117192	131920	5970	111222	0	117192	0	0	0	93558	23634	3.96
FLT0	MOR0636	249112	101435	147677	7848	93587	0	101435	0	0	0	81338	20097	4.05
FLT0	MOR0637	249112	110117	138995	6088	104029	0	110117	0	0	0	87634	22483	3.90
FLT0	MOR0638	249112	90696	158416	8874	81822	0	90696	0	0	0	72525	18171	3.99
FLT0	MOR0639	249112	109194	139918	9190	100004	0	109194	0	0	0	87183	22011	3.96
FLT0	MOR0640	249112	94729	154383	8292	86437	0	94729	0	0	0	75500	19229	3.93
FLT0	MOR0641	249112	120487	128625	5795	114692	0	120487	0	0	0	96003	24484	3.92
FLT0	MOR0642	249112	93423	155689	9827	83596	0	93423	0	0	0	74820	18603	4.02
FLT0	MOR0643	249112	91144	157968	8970	82174	0	91144	0	0	0	72649	18495	3.93
FLT0	MOR0648	249112	99985	149127	7711	92274	0	99985	0	0	0	79942	20043	3.99
FLT0	MOR0649	249112	101252	147860	8018	93234	0	101252	0	0	0	80687	20565	3.92
FLT0	MOR0650	249112	115290	133822	6271	109019	0	115290	0	0	0	92130	23160	3.98
FLT0	MOR0651	249112	108199	140913	5715	102484	0	108199	0	0	0	86543	21656	4.00
FLT0	MOR0653	249112	95347	153765	8492	86855	0	95347	0	0	0	75888	19459	3.90
FLT0	MOR0658	249112	93255	155857	8385	84870	0	93255	0	0	0	74591	18664	4.00
FLT0	MOR0659	249112	95380	153732	8672	86708	0	95380	0	0	0	76096	19284	3.95
FLT0	MOR0660	249112	104971	144141	7009	97962	0	104971	0	0	0	83745	21226	3.95
FLT0	MOR0661	249112	111089	138023	6105	104984	0	111089	0	0	0	88397	22692	3.90
FLT0	MOR0663	249112	109039	140073	6919	102120	0	109039	0	0	0	86757	22282	3.89
FLT0	MOR0664	249112	95884	153228	8370	87514	0	95884	0	0	0	76596	19288	3.97
FLT0	MOR0665	249112	106368	142744	7252	99116	0	106368	0	0	0	84838	21530	3.94
FLT0	MOR0666	249112	114892	134220	5914	108978	0	114892	0	0	0	91702	23190	3.95
FLT0	MOR0669	249112	110097	139015	7676	102421	0	110097	0	0	0	87995	22102	3.98
FLT0	MOR0670	249112	116406	132706	6272	110134	0	116406	0	0	0	92840	23566	3.94
FLT0	MOR0671	249112	102442	146670	7697	94745	0	102442	0	0	0	81618	20824	3.92
FLT0	MOR0672	249112	90989	158123	9327	81662	0	90989	0	0	0	72621	18368	3.95
FLT0	MOR0674	249112	114762	134350	5825	108937	0	114762	0	0	0	91593	23169	3.95
FLT0	MOR0675	249112	83319	165793	10063	73256	0	83319	0	0	0	66532	16787	3.96
FLT0	MOR0676	249112	102558	146554	8137	94421	0	102558	0	0	0	81688	20870	3.91
FLT0	MOR0677	249112	88763	160349	9975	78788	0	88763	0	0	0	70789	17974	3.94
FLT0	MOR0678	249112	103588	145524	7596	95992	0	103588	0	0	0	82717	20871	3.96
FLT0	MOR0679	249112	94653	154459	8737	85916	0	94653	0	0	0	75597	19056	3.97
FLT0	MOR0680	249112	95156	153956	8352	86804	0	95156	0	0	0	76003	19153	3.97
FLT0	MOR0681	249112	113080	136032	6258	106822	0	113080	0	0	0	90111	22969	3.92
FLT0	MOR0682	249112	110651	138461	7164	103487	0	110651	0	0	0	88350	22301	3.96
FLT0	MOR0683	249112	93853	155259	8446	85407	0	93853	0	0	0	74904	18949	3.95
FLT0	MOR0684	249112	112888	136224	6034	106854	0	112888	0	0	0	90067	22821	3.95
FLT0	MOR0685	249112	88995	160117	9614	79381	0	88995	0	0	0	71124	17871	3.98
FLT0	MOR0687	249112	103223	145889	7373	95850	0	103223	0	0	0	82270	20953	3.93
FLT0	MOR0688	249112	92034	157078	8933	83101	0	92034	0	0	0	73526	18508	3.97
FLT0	MOR0689	249112	92548	156564	9232	83316	0	92548	0	0	0	74004	18544	3.99
FLT0	MOR0690	249112	102039	147073	7514	94525	0	102039	0	0	0	81249	20790	3.91
FLT0	MOR0691	249112	96306	152806	8467	87839	0	96306	0	0	0	76976	19330	3.98
FLT0	MOR0693	249112	112337	136775	7235	105102	0	112337	0	0	0	89732	22605	3.97
FLT0	MOR0694	249112	109793	139319	6603	103190	0	109793	0	0	0	87508	22285	3.93
FLT0	MOR0695	249112	101964	147148	9091	92873	0	101964	0	0	0	81474	20490	3.98
FLT0	MOR0696	249112	90866	158246	9209	81657	0	90866	0	0	0	72655	18211	3.99
FLT0	MOR0697	249112	127508	121604	7550	119958	0	127508	0	0	0	101879	25629	3.98
FLT0	MOR0698	249112	97451	151661	8194	89257	0	97451	0	0	0	77907	19544	3.99
FLT0	MOR0699	249112	108663	140449	6736	101927	0	108663	0	0	0	86610	22053	3.93
FLT0	MOR0700	249112	114936	134176	6176	108760	0	114936	0	0	0	91913	23023	3.99
FLT0	MOR0702	249112	102849	146263	9256	93593	0	102849	0	0	0	82328	20521	4.01
FLT0	MOR0703	249112	118932	130180	6159	112773	0	118932	0	0	0	95049	23883	3.98
FLT0	MOR0706	249112	118055	131057	5603	112452	0	118055	0	0	0	94115	23940	3.93
FLT0	MOR0707	249112	124051	125061	5448	118603	0	124051	0	0	0	99172	24879	3.99
FLT0	MOR0708	249112	110071	139041	7393	102678	0	110071	0	0	0	87933	22138	3.97
FLT0	MOR0709	249112	91606	157506	11697	79909	0	91606	0	0	0	73574	18032	4.08
FLT0	MOR0710	249112	107898	141214	7611	100287	0	107898	0	0	0	86201	21697	3.97
FLT0	MOR0711	249112	99527	149585	8529	90998	0	99527	0	0	0	79495	20032	3.97
FLT0	MOR0712	249112	88898	160214	10068	78830	0	88898	0	0	0	70931	17967	3.95
FLT0	MOR0714	249112	113521	135591	6574	106947	0	113521	0	0	0	90452	23069	3.92
FLT0	MOR0715	249112	93103	156009	9203	83900	0	93103	0	0	0	74476	18627	4.00
FLT0	MOR0716	249112	90283	158829	10885	79398	0	90283	0	0	0	72260	18023	4.01
FLT0	MOR0717	249112	99363	149749	9257	90106	0	99363	0	0	0	79552	19811	4.02
FLT0	MOR0718	249112	94369	154743	9063	85306	0	94369	0	0	0	75211	19158	3.93
FLT0	MOR0719	249112	111407	137705	6662	104745	0	111407	0	0	0	88979	22428	3.97
FLT0	MOR0720	249112	96837	152275	9069	87768	0	96837	0	0	0	77407	19430	3.98
FLT0	MOR0721	249112	84365	164747	11147	73218	0	84365	0	0	0	67489	16876	4.00
FLT0	MOR0725	249112	121234	127878	5941	115293	0	121234	0	0	0	96814	24420	3.96
FLT0	MOR0726	249112	95845	153267	10469	85376	0	95845	0	0	0	76689	19156	4.00
FLT0	MOR0727	249112	108545	140567	7313	101232	0	108545	0	0	0	86436	22109	3.91
FLT0	MOR0728	249112	106973	142139	10712	96261	0	106973	0	0	0	85253	21720	3.93
FLT0	MOR0729	249112	115137	133975	6381	108756	0	115137	0	0	0	92027	23110	3.98
FLT0	MOR0730	249112	107129	141983	7664	99465	0	107129	0	0	0	85749	21380	4.01
FLT0	MOR0731	249112	104047	145065	8077	95970	0	104047	0	0	0	82916	21131	3.92
FLT0	MOR0732	249112	88327	160785	9709	78618	0	88327	0	0	0	70547	17780	3.97
FLT0	MOR0733	249112	96627	152485	9401	87226	0	96627	0	0	0	77337	19290	4.01
FLT0	MOR0734	249112	92479	156633	9516	82963	0	92479	0	0	0	73738	18741	3.93
FLT0	MOR0739	249112	109890	139222	7281	102609	0	109890	0	0	0	87466	22424	3.90
FLT0	MOR0740	249112	89608	159504	10045	79563	0	89608	0	0	0	71503	18105	3.95
FLT0	MOR0741	249112	108975	140137	7452	101523	0	108975	0	0	0	86986	21989	3.96
FLT0	MOR0742	249112	95345	153767	9093	86252	0	95345	0	0	0	76274	19071	4.00
FLT0	MOR0743	249112	108442	140670	7228	101214	0	108442	0	0	0	86734	21708	4.00
FLT0	MOR0744	249112	91841	157271	9365	82476	0	91841	0	0	0	73367	18474	3.97
FLT0	MOR0745	249112	93768	155344	8990	84778	0	93768	0	0	0	74742	19026	3.93
FLT0	MOR0746	249112	105208	143904	7750	97458	0	105208	0	0	0	84084	21124	3.98
FLT0	MOR0749	249112	106084	143028	7508	98576	0	106084	0	0	0	84862	21222	4.00
FLT0	MOR0750	249112	111531	137581	6914	104617	0	111531	0	0	0	89108	22423	3.97
FLT0	MOR0751	249112	103242	145870	7845	95397	0	103242	0	0	0	82342	20900	3.94
FLT0	MOR0752	249112	105565	143547	7923	97642	0	105565	0	0	0	84171	21394	3.93
FLT0	MOR0753	249112	91388	157724	10478	80910	0	91388	0	0	0	73178	18210	4.02
FLT0	MOR0754	249112	111344	137768	7077	104267	0	111344	0	0	0	88987	22357	3.98
FLT0	MOR0755	249112	96401	152711	8773	87628	0	96401	0	0	0	76832	19569	3.93
FLT0	MOR0757	249112	102335	146777	8037	94298	0	102335	0	0	0	81518	20817	3.92
FLT0	MOR0758	249112	93944	155168	10830	83114	0	93944	0	0	0	75126	18818	3.99
FLT0	MOR0759	249112	109672	139440	6964	102708	0	109672	0	0	0	87588	22084	3.97
FLT0	MOR0760	249112	94454	154658	9612	84842	0	94454	0	0	0	75416	19038	3.96
FLT0	MOR0761	249112	119712	129400	5766	113946	0	119712	0	0	0	95726	23986	3.99
FLT0	MOR0762	249112	86084	163028	10071	76013	0	86084	0	0	0	68467	17617	3.89
FLT0	MOR0763	249112	117606	131506	6348	111258	0	117606	0	0	0	93604	24002	3.90
FLT0	MOR0764	249112	86108	163004	10563	75545	0	86108	0	0	0	68731	17377	3.96
FLT0	MOR0767	249112	104474	144638	7877	96597	0	104474	0	0	0	83446	21028	3.97
FLT0	MOR0770	249112	91479	157633	9780	81699	0	91479	0	0	0	72981	18498	3.95
FLT0	MOR0771	249112	95970	153142	10177	85793	0	95970	0	0	0	76675	19295	3.97
FLT0	MOR0772	249112	104022	145090	7696	96326	0	104022	0	0	0	83020	21002	3.95
FLT0	MOR0773	249112	109065	140047	7105	101960	0	109065	0	0	0	86958	22107	3.93
FLT0	MOR0774	249112	97987	151125	9124	88863	0	97987	0	0	0	78335	19652	3.99
FLT0	MOR0775	249112	103554	145558	7932	95622	0	103554	0	0	0	82679	20875	3.96
FLT0	MOR0777	249112	123115	125997	8579	114536	0	123115	0	0	0	98375	24740	3.98
FLT0	MOR0778	249112	113230	135882	6751	106479	0	113230	0	0	0	90485	22745	3.98
FLT0	MOR0779	249112	125554	123558	7686	117868	0	125554	0	0	0	100225	25329	3.96
FLT0	MOR0780	249112	105327	143785	7642	97685	0	105327	0	0	0	83996	21331	3.94
FLT0	MOR0782	249112	115019	134093	6922	108097	0	115019	0	0	0	91701	23318	3.93
FLT0	MOR0784	249112	110179	138933	6827	103352	0	110179	0	0	0	87954	22225	3.96
FLT0	MOR0785	249112	92020	157092	11260	80760	0	92020	0	0	0	73394	18626	3.94
FLT0	MOR0786	249112	95392	153720	9036	86356	0	95392	0	0	0	76283	19109	3.99
FLT0	MOR0787	249112	95209	153903	9606	85603	0	95209	0	0	0	76062	19147	3.97
FLT0	MOR0788	249112	114467	134645	6351	108116	0	114467	0	0	0	91492	22975	3.98
FLT0	MOR0789	249112	99230	149882	8293	90937	0	99230	0	0	0	79473	19757	4.02
FLT0	MOR0790	249112	129529	119583	4974	124555	0	129529	0	0	0	103697	25832	4.01
FLT0	MOR0791	249112	108499	140613	7103	101396	0	108499	0	0	0	86598	21901	3.95
FLT0	MOR0792	249112	118121	130991	5734	112387	0	118121	0	0	0	94358	23763	3.97
FLT0	MOR0793	249112	102144	146968	7999	94145	0	102144	0	0	0	81535	20609	3.96
FLT0	MOR0794	249112	110905	138207	7267	103638	0	110905	0	0	0	88556	22349	3.96
FLT0	MOR0795	249112	107211	141901	7683	99528	0	107211	0	0	0	85649	21562	3.97
FLT0	MOR0796	249112	119297	129815	5712	113585	0	119297	0	0	0	95396	23901	3.99
FLT0	MOR0798	249112	104319	144793	7929	96390	0	104319	0	0	0	83592	20727	4.03
FLT0	MOR0799	249112	112339	136773	6510	105829	0	112339	0	0	0	89732	22607	3.97
FLT0	MOR0802	249112	92139	156973	9688	82451	0	92139	0	0	0	73656	18483	3.99
FLT0	MOR0803	249112	94481	154631	9094	85387	0	94481	0	0	0	75432	19049	3.96
FLT0	MOR0804	249112	103503	145609	11257	92246	0	103503	0	0	0	82789	20714	4.00
FLT0	MOR0805	249112	114785	134327	6407	108378	0	114785	0	0	0	91719	23066	3.98
FLT0	MOR0806	249112	95370	153742	8937	86433	0	95370	0	0	0	76186	19184	3.97
FLT0	MOR0808	249112	113099	136013	6713	106386	0	113099	0	0	0	90281	22818	3.96
FLT0	MOR0809	249112	84838	164274	10489	74349	0	84838	0	0	0	67739	17099	3.96
FLT0	MOR0812	249112	102861	146251	10500	92361	0	102861	0	0	0	82457	20404	4.04
FLT0	MOR0813	249112	89816	159296	9687	80129	0	89816	0	0	0	71664	18152	3.95
FLT0	MOR0814	249112	124785	124327	5166	119619	0	124785	0	0	0	99935	24850	4.02
FLT0	MOR0815	249112	100049	149063	8046	92003	0	100049	0	0	0	79804	20245	3.94
FLT0	MOR0817	249112	100001	149111	8614	91387	0	100001	0	0	0	79832	20169	3.96
FLT0	MOR0818	249112	108263	140849	6951	101312	0	108263	0	0	0	86501	21762	3.97
FLT0	MOR0819	249112	115330	133782	6015	109315	0	115330	0	0	0	92109	23221	3.97
FLT0	MOR0820	249112	85981	163131	10358	75623	0	85981	0	0	0	68648	17333	3.96
FLT0	MOR0822	249112	92077	157035	9646	82431	0	92077	0	0	0	73549	18528	3.97
FLT0	MOR0825	249112	98660	150452	9372	89288	0	98660	0	0	0	78948	19712	4.01
FLT0	MOR0826	249112	95655	153457	9144	86511	0	95655	0	0	0	76391	19264	3.97
FLT0	MOR0827	249112	118703	130409	6048	112655	0	118703	0	0	0	94761	23942	3.96
FLT0	MOR0828	249112	109653	139459	7657	101996	0	109653	0	0	0	87691	21962	3.99
FLT0	MOR0829	249112	97565	151547	8555	89010	0	97565	0	0	0	77938	19627	3.97
FLT0	MOR0830	249112	94656	154456	9453	85203	0	94656	0	0	0	75651	19005	3.98
FLT0	MOR0831	249112	104558	144554	7963	96595	0	104558	0	0	0	83291	21267	3.92
FLT0	MOR0832	249112	110319	138793	6819	103500	0	110319	0	0	0	87962	22357	3.93
FLT0	MOR0833	249112	100642	148470	8357	92285	0	100642	0	0	0	80271	20371	3.94
FLT0	MOR0834	249112	109318	139794	8131	101187	0	109318	0	0	0	87266	22052	3.96
FLT0	MOR0835	249112	100483	148629	8497	91986	0	100483	0	0	0	80270	20213	3.97
FLT0	MOR0836	249112	119195	129917	8107	111088	0	119195	0	0	0	95104	24091	3.95
FLT0	MOR0837	249112	99145	149967	10910	88235	0	99145	0	0	0	79084	20061	3.94
FLT0	MOR0838	249112	102464	146648	8140	94324	0	102464	0	0	0	81862	20602	3.97
FLT0	MOR0839	249112	86922	162190	10245	76677	0	86922	0	0	0	69455	17467	3.98
FLT0	MOR0840	249112	104003	145109	10477	93526	0	104003	0	0	0	83183	20820	4.00
FLT0	MOR0841	249112	89944	159168	9938	80006	0	89944	0	0	0	71954	17990	4.00
FLT0	MOR0842	249112	83084	166028	10911	72173	0	83084	0	0	0	66239	16845	3.93
FLT0	MOR0843	249112	94306	154806	9421	84885	0	94306	0	0	0	75142	19164	3.92
FLT0	MOR0845	249112	95217	153895	10123	85094	0	95217	0	0	0	76073	19144	3.97
FLT0	MOR0846	249112	104808	144304	7452	97356	0	104808	0	0	0	83530	21278	3.93
FLT0	MOR0847	249112	104934	144178	7889	97045	0	104934	0	0	0	83717	21217	3.95
FLT0	MOR0849	249112	101567	147545	9392	92175	0	101567	0	0	0	81023	20544	3.94
FLT0	MOR0850	249112	106699	142413	7213	99486	0	106699	0	0	0	85321	21378	3.99
FLT0	MOR0852	249112	116285	132827	9154	107131	0	116285	0	0	0	92784	23501	3.95
FLT0	MOR0853	249112	101236	147876	8078	93158	0	101236	0	0	0	81047	20189	4.01
FLT0	MOR0854	249112	114430	134682	6989	107441	0	114430	0	0	0	91404	23026	3.97
FLT0	MOR0856	249112	91800	157312	11485	80315	0	91800	0	0	0	72984	18816	3.88
FLT0	MOR0857	249112	120334	128778	6142	114192	0	120334	0	0	0	96288	24046	4.00
FLT0	MOR0858	249112	93000	156112	9629	83371	0	93000	0	0	0	74233	18767	3.96
FLT0	MOR0859	249112	92996	156116	9267	83729	0	92996	0	0	0	74289	18707	3.97
FLT0	MOR0860	249112	104815	144297	7886	96929	0	104815	0	0	0	83726	21089	3.97
FLT0	MOR0861	249112	97171	151941	8814	88357	0	97171	0	0	0	77596	19575	3.96
FLT0	MOR0862	249112	96376	152736	8963	87413	0	96376	0	0	0	77039	19337	3.98
FLT0	MOR0863	249112	112707	136405	7011	105696	0	112707	0	0	0	90135	22572	3.99
FLT0	MOR0865	249112	112125	136987	11243	100882	0	112125	0	0	0	89469	22656	3.95
FLT0	MOR0866	249112	92633	156479	9060	83573	0	92633	0	0	0	73938	18695	3.95
FLT0	MOR0867	249112	107181	141931	7463	99718	0	107181	0	0	0	85725	21456	4.00
FLT0	MOR0868	249112	115632	133480	6688	108944	0	115632	0	0	0	92298	23334	3.96
FLT0	MOR0870	249112	101696	147416	7879	93817	0	101696	0	0	0	81140	20556	3.95
FLT0	MOR0872	249112	115107	134005	6319	108788	0	115107	0	0	0	92024	23083	3.99
FLT0	MOR0873	249112	94895	154217	10210	84685	0	94895	0	0	0	75836	19059	3.98
FLT0	MOR0874	249112	106196	142916	7624	98572	0	106196	0	0	0	84799	21397	3.96
FLT0	MOR0875	249112	102803	146309	8040	94763	0	102803	0	0	0	81979	20824	3.94
FLT0	MOR0876	249112	109395	139717	7180	102215	0	109395	0	0	0	87263	22132	3.94
FLT0	MOR0877	249112	121640	127472	5662	115978	0	121640	0	0	0	97406	24234	4.02
FLT0	MOR0878	249112	92973	156139	8939	84034	0	92973	0	0	0	74007	18966	3.90
FLT0	MOR0879	249112	106152	142960	7230	98922	0	106152	0	0	0	84691	21461	3.95
FLT0	MOR0880	249112	83025	166087	10870	72155	0	83025	0	0	0	66259	16766	3.95
FLT0	MOR0881	249112	102803	146309	8470	94333	0	102803	0	0	0	82118	20685	3.97
FLT0	MOR0882	249112	113593	135519	8113	105480	0	113593	0	0	0	91113	22480	4.05
FLT0	MOR0883	249112	86843	162269	10666	76177	0	86843	0	0	0	69377	17466	3.97
FLT0	MOR0884	249112	133389	115723	4426	128963	0	133389	0	0	0	106747	26642	4.01
FLT0	MOR0885	249112	90187	158925	10091	80096	0	90187	0	0	0	72125	18062	3.99
FLT0	MOR0886	249112	95695	153417	9214	86481	0	95695	0	0	0	76320	19375	3.94
FLT0	MOR0887	249112	91314	157798	9561	81753	0	91314	0	0	0	72712	18602	3.91
FLT0	MOR0889	249112	112144	136968	7069	105075	0	112144	0	0	0	89295	22849	3.91
FLT0	MOR0890	249112	108228	140884	7328	100900	0	108228	0	0	0	86283	21945	3.93
FLT0	MOR0891	249112	99274	149838	8564	90710	0	99274	0	0	0	79267	20007	3.96
FLT0	MOR0892	249112	99283	149829	8598	90685	0	99283	0	0	0	79445	19838	4.00
FLT0	MOR0893	249112	90630	158482	9470	81160	0	90630	0	0	0	72348	18282	3.96
FLT0	MOR0894	249112	109234	139878	6895	102339	0	109234	0	0	0	87335	21899	3.99
FLT0	MOR0895	249112	97635	151477	8658	88977	0	97635	0	0	0	78125	19510	4.00
FLT0	MOR0896	249112	95834	153278	8615	87219	0	95834	0	0	0	76453	19381	3.94
FLT0	MOR0897	249112	97760	151352	8523	89237	0	97760	0	0	0	78151	19609	3.99
FLT0	MOR0898	249112	97959	151153	8406	89553	0	97959	0	0	0	78214	19745	3.96
FLT0	MOR0899	249112	107123	141989	6938	100185	0	107123	0	0	0	85693	21430	4.00
FLT0	MOR0900	249112	84525	164587	10601	73924	0	84525	0	0	0	67604	16921	4.00
FLT0	MOR0901	249112	85108	164004	10057	75051	0	85108	0	0	0	67871	17237	3.94
FLT0	MOR0903	249112	88656	160456	11243	77413	0	88656	0	0	0	70818	17838	3.97
FLT0	MOR0904	249112	88018	161094	10985	77033	0	88018	0	0	0	70363	17655	3.99
FLT0	MOR0905	249112	87940	161172	9742	78198	0	87940	0	0	0	70260	17680	3.97
FLT0	MOR0906	249112	88772	160340	9605	79167	0	88772	0	0	0	71127	17645	4.03
FLT0	MOR0907	249112	93460	155652	9323	84137	0	93460	0	0	0	74654	18806	3.97
FLT0	MOR0909	249112	89355	159757	9648	79707	0	89355	0	0	0	71239	18116	3.93
FLT0	MOR0910	249112	109798	139314	6810	102988	0	109798	0	0	0	87931	21867	4.02
FLT0	MOR0911	249112	89245	159867	9546	79699	0	89245	0	0	0	71315	17930	3.98
FLT0	MOR0913	249112	94888	154224	9059	85829	0	94888	0	0	0	75940	18948	4.01
FLT0	MOR0914	249112	88896	160216	9911	78985	0	88896	0	0	0	71207	17689	4.03
FLT0	MOR0915	249112	101976	147136	7777	94199	0	101976	0	0	0	81531	20445	3.99
FLT0	MOR0916	249112	98086	151026	8363	89723	0	98086	0	0	0	78424	19662	3.99
FLT0	MOR0917	249112	98508	150604	8498	90010	0	98508	0	0	0	78794	19714	4.00
FLT0	MOR0918	249112	94056	155056	8928	85128	0	94056	0	0	0	75143	18913	3.97
FLT0	MOR0919	249112	97819	151293	8791	89028	0	97819	0	0	0	78238	19581	4.00
FLT0	MOR0920	249112	105952	143160	7513	98439	0	105952	0	0	0	84674	21278	3.98
FLT0	MOR0921	249112	97031	152081	8796	88235	0	97031	0	0	0	77517	19514	3.97
FLT0	MOR0922	249112	89831	159281	9751	80080	0	89831	0	0	0	71947	17884	4.02
FLT0	MOR0923	249112	103662	145450	7978	95684	0	103662	0	0	0	82880	20782	3.99
FLT0	MOR0926	249112	90730	158382	10020	80710	0	90730	0	0	0	72482	18248	3.97
FLT0	MOR0927	249112	99418	149694	8669	90749	0	99418	0	0	0	79400	20018	3.97
FLT0	MOR0928	249112	95482	153630	9255	86227	0	95482	0	0	0	76074	19408	3.92
FLT0	MOR0929	249112	124941	124171	4916	120025	0	124941	0	0	0	99862	25079	3.98
FLT0	MOR0930	249112	93217	155895	9531	83686	0	93217	0	0	0	74521	18696	3.99
FLT0	MOR0931	249112	91330	157782	9276	82054	0	91330	0	0	0	72889	18441	3.95
FLT0	MOR0932	249112	103108	146004	7837	95271	0	103108	0	0	0	82342	20766	3.97
FLT0	MOR0933	249112	91047	158065	9548	81499	0	91047	0	0	0	72973	18074	4.04
FLT0	MOR0934	249112	105671	143441	7398	98273	0	105671	0	0	0	84378	21293	3.96
FLT0	MOR0935	249112	96715	152397	8518	88197	0	96715	0	0	0	77283	19432	3.98
FLT0	MOR0936	249112	97364	151748	8232	89132	0	97364	0	0	0	77774	19590	3.97
FLT0	MOR0937	249112	86145	162967	10879	75266	0	86145	0	0	0	68723	17422	3.94
FLT0	MOR0938	249112	96671	152441	9391	87280	0	96671	0	0	0	77155	19516	3.95
FLT0	MOR0939	249112	87249	161863	9942	77307	0	87249	0	0	0	69653	17596	3.96
FLT0	MOR0940	249112	86480	162632	10732	75748	0	86480	0	0	0	69194	17286	4.00
FLT0	MOR0941	249112	87582	161530	9882	77700	0	87582	0	0	0	69955	17627	3.97
FLT0	MOR0942	249112	91025	158087	9578	81447	0	91025	0	0	0	72601	18424	3.94
FLT0	MOR0943	249112	94588	154524	8894	85694	0	94588	0	0	0	75502	19086	3.96
FLT0	MOR0945	249112	97293	151819	8579	88714	0	97293	0	0	0	77733	19560	3.97
FLT0	MOR0946	249112	108026	141086	7085	100941	0	108026	0	0	0	86284	21742	3.97
FLT0	MOR0947	249112	97817	151295	8902	88915	0	97817	0	0	0	78125	19692	3.97
FLT0	MOR0948	249112	101463	147649	8160	93303	0	101463	0	0	0	80894	20569	3.93
FLT0	MOR0949	249112	104108	145004	7553	96555	0	104108	0	0	0	83161	20947	3.97
FLT0	MOR0950	249112	94812	154300	8752	86060	0	94812	0	0	0	75648	19164	3.95
FLT0	MOR0951	249112	112502	136610	6401	106101	0	112502	0	0	0	89865	22637	3.97
FLT0	MOR0952	249112	90003	159109	9381	80622	0	90003	0	0	0	71899	18104	3.97
FLT0	MOR0953	249112	94301	154811	9171	85130	0	94301	0	0	0	75317	18984	3.97
FLT0	MOR0954	249112	95943	153169	8768	87175	0	95943	0	0	0	76462	19481	3.92
FLT0	MOR0955	249112	106458	142654	7660	98798	0	106458	0	0	0	85245	21213	4.02
FLT0	MOR0956	249112	90576	158536	9845	80731	0	90576	0	0	0	72459	18117	4.00
FLT0	MOR0957	249112	93442	155670	9093	84349	0	93442	0	0	0	74484	18958	3.93
FLT0	MOR0958	249112	98121	150991	8591	89530	0	98121	0	0	0	78392	19729	3.97
FLT0	MOR0959	249112	92610	156502	8946	83664	0	92610	0	0	0	73957	18653	3.96
FLT0	MOR0960	249112	95236	153876	9035	86201	0	95236	0	0	0	76007	19229	3.95
FLT0	MOR0961	249112	85676	163436	10037	75639	0	85676	0	0	0	68322	17354	3.94
FLT0	MOR0962	249112	96985	152127	8504	88481	0	96985	0	0	0	77535	19450	3.99
FLT0	MOR0963	249112	91696	157416	9602	82094	0	91696	0	0	0	73423	18273	4.02
FLT0	MOR0964	249112	93014	156098	9149	83865	0	93014	0	0	0	74120	18894	3.92
FLT0	MOR0965	249112	100312	148800	8227	92085	0	100312	0	0	0	80135	20177	3.97
FLT0	MOR0966	249112	98499	150613	8562	89937	0	98499	0	0	0	78614	19885	3.95
FLT0	MOR0967	249112	109161	139951	6445	102716	0	109161	0	0	0	87120	22041	3.95
FLT0	MOR0968	249112	118924	130188	5933	112991	0	118924	0	0	0	95316	23608	4.04
FLT0	MOR0969	249112	104434	144678	7413	97021	0	104434	0	0	0	83144	21290	3.91
FLT0	MOR0970	249112	88806	160306	11122	77684	0	88806	0	0	0	70820	17986	3.94
FLT0	MOR0971	249112	128513	120599	5035	123478	0	128513	0	0	0	102705	25808	3.98
FLT0	MOR0972	249112	89086	160026	9559	79527	0	89086	0	0	0	71307	17779	4.01
FLT0	MOR0973	249112	84154	164958	10203	73951	0	84154	0	0	0	67041	17113	3.92
FLT0	MOR0974	249112	93759	155353	9003	84756	0	93759	0	0	0	74717	19042	3.92
FLT0	MOR0975	249112	84919	164193	10136	74783	0	84919	0	0	0	67781	17138	3.96
FLT0	MOR0976	249112	97534	151578	8436	89098	0	97534	0	0	0	77828	19706	3.95
FLT0	MOR0977	249112	92290	156822	9626	82664	0	92290	0	0	0	73733	18557	3.97
FLT0	MOR0978	249112	112149	136963	6694	105455	0	112149	0	0	0	89641	22508	3.98
FLT0	MOR0979	249112	102024	147088	7785	94239	0	102024	0	0	0	81424	20600	3.95
FLT0	MOR0980	249112	95117	153995	8723	86394	0	95117	0	0	0	76049	19068	3.99
FLT0	MOR0981	249112	102836	146276	7867	94969	0	102836	0	0	0	82154	20682	3.97
FLT0	MOR0982	249112	119513	129599	5970	113543	0	119513	0	0	0	95465	24048	3.97
FLT0	MOR0983	249112	102838	146274	7546	95292	0	102838	0	0	0	82035	20803	3.94
FLT0	MOR0984	249112	99219	149893	8017	91202	0	99219	0	0	0	79110	20109	3.93
FLT0	MOR0985	249112	108755	140357	7281	101474	0	108755	0	0	0	86917	21838	3.98
FLT0	MOR0986	249112	98651	150461	8555	90096	0	98651	0	0	0	78755	19896	3.96
FLT0	MOR0987	249112	91843	157269	9337	82506	0	91843	0	0	0	73425	18418	3.99
FLT0	MOR0855	249112	126519	122593	5346	121173	0	126519	0	0	0	101206	25313	4.00
FLT0	MOR0988	249112	104609	144503	7828	96781	0	104609	0	0	0	83525	21084	3.96
FLT0	MOR0989	249112	124744	124368	5049	119695	0	124744	0	0	0	99630	25114	3.97
FLT0	MOR0990	249112	98158	150954	8995	89163	0	98158	0	0	0	78417	19741	3.97
FLT0	MOR0991	249112	106899	142213	7552	99347	0	106899	0	0	0	85503	21396	4.00
FLT0	MOR0992	249112	94405	154707	9937	84468	0	94405	0	0	0	75568	18837	4.01
FLT0	MOR0993	249112	114900	134212	6683	108217	0	114900	0	0	0	91713	23187	3.96
FLT0	MOR0994	249112	101184	147928	8273	92911	0	101184	0	0	0	80822	20362	3.97
FLT0	MOR0995	249112	95942	153170	10374	85568	0	95942	0	0	0	76570	19372	3.95
FLT0	MOR0996	249112	90568	158544	11075	79493	0	90568	0	0	0	72247	18321	3.94
FLT0	MOR0997	249112	109355	139757	7696	101659	0	109355	0	0	0	87403	21952	3.98
FLT0	MOR0998	249112	102138	146974	8243	93895	0	102138	0	0	0	81379	20759	3.92
FLT0	MOR0999	249112	97705	151407	9488	88217	0	97705	0	0	0	78029	19676	3.97
FLT0	MOR1000	249112	96746	152366	10158	86588	0	96746	0	0	0	77489	19257	4.02
FLT0	SYST.MOR.0006717	249112	93140	155972	17493	75647	0	93140	0	0	0	75114	18026	4.17
FLT0	SYST.MOR.0006718	249112	90530	158582	18830	71700	0	90530	0	0	0	72846	17684	4.12
FLT0	SYST.MOR.0006719	249112	85795	163317	19086	66709	0	85795	0	0	0	69161	16634	4.16
FLT0	SYST.MOR.0006726	249112	96294	152818	16308	79986	0	96294	0	0	0	77341	18953	4.08
FLT0	SYST.MOR.0006727	249112	90547	158565	16280	74267	0	90547	0	0	0	72835	17712	4.11
FLT0	SYST.MOR.0006728	249112	90287	158825	17467	72820	0	90287	0	0	0	72600	17687	4.10
FLT0	SYST.MOR.0006730	249112	88427	160685	19412	69015	0	88427	0	0	0	71329	17098	4.17
FLT0	SYST.MOR.0006732	249112	97143	151969	18688	78455	0	97143	0	0	0	78325	18818	4.16
FLT0	SYST.MOR.0006742	249112	86044	163068	21076	64968	0	86044	0	0	0	69687	16357	4.26
FLT0	SYST.MOR.0006743	249112	88731	160381	18347	70384	0	88731	0	0	0	71430	17301	4.13
FLT0	SYST.MOR.0006744	249112	86589	162523	17279	69310	0	86589	0	0	0	69593	16996	4.09
FLT0	SYST.MOR.0006746	249112	79962	169150	18073	61889	0	79962	0	0	0	64439	15523	4.15
FLT0	SYST.MOR.0006747	249112	84122	164990	18477	65645	0	84122	0	0	0	68062	16060	4.24
FLT0	SYST.MOR.0006748	249112	85972	163140	18480	67492	0	85972	0	0	0	69604	16368	4.25
FLT0	SYST.MOR.0006749	249112	81410	167702	16661	64749	0	81410	0	0	0	65725	15685	4.19
FLT0	SYST.MOR.0006755	249112	95942	153170	11629	84313	0	95942	0	0	0	76362	19580	3.90
FLT0	SYST.MOR.0006756	249112	87680	161432	15107	72573	0	87680	0	0	0	70469	17211	4.09
FLT0	SYST.MOR.0006757	249112	85019	164093	16319	68700	0	85019	0	0	0	68194	16825	4.05
FLT0	SYST.MOR.0006762	249112	108352	140760	8240	100112	0	108352	0	0	0	86737	21615	4.01
FLT0	SYST.MOR.0006766	249112	85511	163601	16630	68881	0	85511	0	0	0	68556	16955	4.04
FLT0	SYST.MOR.0006768	249112	103687	145425	16290	87397	0	103687	0	0	0	83270	20417	4.08
FLT0	SYST.MOR.0006771	249112	90231	158881	18159	72072	0	90231	0	0	0	72520	17711	4.09
FLT0	SYST.MOR.0006773	249112	89179	159933	17604	71575	0	89179	0	0	0	71820	17359	4.14
FLT0	SYST.MOR.0006774	249112	94052	155060	14884	79168	0	94052	0	0	0	75712	18340	4.13
FLT0	SYST.MOR.0006775	249112	105005	144107	10902	94103	0	105005	0	0	0	83771	21234	3.95
FLT0	SYST.MOR.0006776	249112	88590	160522	16828	71762	0	88590	0	0	0	71222	17368	4.10
FLT0	SYST.MOR.0006777	249112	102675	146437	10478	92197	0	102675	0	0	0	82208	20467	4.02
FLT0	SYST.MOR.0006784	249112	91725	157387	19323	72402	0	91725	0	0	0	74066	17659	4.19
FLT0	SYST.MOR.0006785	249112	88337	160775	19510	68827	0	88337	0	0	0	71383	16954	4.21
FLT0	SYST.MOR.0006787	249112	87533	161579	16558	70975	0	87533	0	0	0	70289	17244	4.08
FLT0	SYST.MOR.0006788	249112	83555	165557	16828	66727	0	83555	0	0	0	67013	16542	4.05
FLT0	SYST.MOR.0006789	249112	89632	159480	17213	72419	0	89632	0	0	0	71971	17661	4.08
FLT0	SYST.MOR.0006795	249112	88608	160504	16744	71864	0	88608	0	0	0	71193	17415	4.09
FLT0	SYST.MOR.0006796	249112	88136	160976	15906	72230	0	88136	0	0	0	70762	17374	4.07
FLT0	SYST.MOR.0006797	249112	85415	163697	15293	70122	0	85415	0	0	0	68485	16930	4.05
FLT0	SYST.MOR.0006800	249112	95295	153817	13505	81790	0	95295	0	0	0	76241	19054	4.00
FLT0	SYST.MOR.0006807	249112	92236	156876	17210	75026	0	92236	0	0	0	74135	18101	4.10
FLT0	SYST.MOR.0006808	249112	85688	163424	19897	65791	0	85688	0	0	0	69232	16456	4.21
FLT0	SYST.MOR.0006809	249112	91856	157256	17387	74469	0	91856	0	0	0	73736	18120	4.07
FLT0	SYST.MOR.0006815	249112	83864	165248	19524	64340	0	83864	0	0	0	67998	15866	4.29
FLT0	SYST.MOR.0006822	249112	88693	160419	19410	69283	0	88693	0	0	0	71550	17143	4.17
FLT0	SYST.MOR.0006830	249112	91685	157427	16384	75301	0	91685	0	0	0	73851	17834	4.14
FLT0	SYST.MOR.0006831	249112	86482	162630	19125	67357	0	86482	0	0	0	69987	16495	4.24
FLT0	SYST.MOR.0006832	249112	89838	159274	19277	70561	0	89838	0	0	0	72422	17416	4.16
FLT0	SYST.MOR.0006834	249112	89013	160099	17999	71014	0	89013	0	0	0	71489	17524	4.08
FLT0	SYST.MOR.0006835	249112	87880	161232	17770	70110	0	87880	0	0	0	70646	17234	4.10
FLT0	SYST.MOR.0006838	249112	82861	166251	19914	62947	0	82861	0	0	0	67084	15777	4.25
FLT0	SYST.MOR.0006841	249112	86069	163043	20770	65299	0	86069	0	0	0	69745	16324	4.27
FLT0	SYST.MOR.0006846	249112	87046	162066	18761	68285	0	87046	0	0	0	70540	16506	4.27
FLT0	SYST.MOR.0006848	249112	83877	165235	15281	68596	0	83877	0	0	0	67698	16179	4.18
FLT0	SYST.MOR.0006849	249112	89047	160065	17006	72041	0	89047	0	0	0	71485	17562	4.07
FLT0	SYST.MOR.0006856	249112	84125	164987	19394	64731	0	84125	0	0	0	68055	16070	4.23
FLT0	SYST.MOR.0006874	249112	89791	159321	17595	72196	0	89791	0	0	0	71902	17889	4.02
FLT0	SYST.MOR.0006877	249112	85061	164051	19397	65664	0	85061	0	0	0	68645	16416	4.18
FLT0	SYST.MOR.0006880	249112	85748	163364	17835	67913	0	85748	0	0	0	68839	16909	4.07
FLT0	SYST.MOR.0006881	249112	88622	160490	19298	69324	0	88622	0	0	0	71450	17172	4.16
FLT0	SYST.MOR.0006882	249112	87247	161865	18538	68709	0	87247	0	0	0	70046	17201	4.07
FLT0	SYST.MOR.0006887	249112	86476	162636	18044	68432	0	86476	0	0	0	69515	16961	4.10
FLT0	SYST.MOR.0006888	249112	87399	161713	19446	67953	0	87399	0	0	0	70752	16647	4.25
FLT0	SYST.MOR.0006889	249112	85375	163737	19631	65744	0	85375	0	0	0	69034	16341	4.22
FLT0	SYST.MOR.0006895	249112	94458	154654	17449	77009	0	94458	0	0	0	75716	18742	4.04
FLT0	SYST.MOR.0006896	249112	88455	160657	17588	70867	0	88455	0	0	0	71155	17300	4.11
FLT0	SYST.MOR.0006898	249112	86345	162767	17723	68622	0	86345	0	0	0	69337	17008	4.08
FLT0	SYST.MOR.0006900	249112	87935	161177	17133	70802	0	87935	0	0	0	70645	17290	4.09
FLT0	SYST.MOR.0006914	249112	84622	164490	17438	67184	0	84622	0	0	0	68090	16532	4.12
FLT0	SYST.MOR.0006916	249112	91613	157499	17805	73808	0	91613	0	0	0	73547	18066	4.07
FLT0	SYST.MOR.0006917	249112	85752	163360	19198	66554	0	85752	0	0	0	69248	16504	4.20
FLT0	SYST.MOR.0006918	249112	90721	158391	17041	73680	0	90721	0	0	0	72737	17984	4.04
FLT0	SYST.MOR.0006919	249112	95182	153930	12496	82686	0	95182	0	0	0	76644	18538	4.13
FLT0	SYST.MOR.0006920	249112	85507	163605	19457	66050	0	85507	0	0	0	68894	16613	4.15
FLT0	SYST.MOR.0006921	249112	89268	159844	17067	72201	0	89268	0	0	0	71693	17575	4.08
FLT0	SYST.MOR.0006922	249112	85233	163879	19441	65792	0	85233	0	0	0	68765	16468	4.18
FLT0	SYST.MOR.0006923	249112	91547	157565	17490	74057	0	91547	0	0	0	73862	17685	4.18
FLT0	SYST.MOR.0006924	249112	85756	163356	18854	66902	0	85756	0	0	0	69251	16505	4.20
FLT0	SYST.MOR.0006925	249112	92591	156521	17102	75489	0	92591	0	0	0	74329	18262	4.07
FLT0	SYST.MOR.0006927	249112	97038	152074	15574	81464	0	97038	0	0	0	77903	19135	4.07
FLT0	SYST.MOR.0006929	249112	89705	159407	17796	71909	0	89705	0	0	0	72188	17517	4.12
FLT0	SYST.MOR.0006930	249112	88253	160859	17706	70547	0	88253	0	0	0	71094	17159	4.14
FLT0	SYST.MOR.0006938	249112	91876	157236	18333	73543	0	91876	0	0	0	74305	17571	4.23
FLT0	SYST.MOR.0006939	249112	86711	162401	18731	67980	0	86711	0	0	0	70071	16640	4.21
FLT0	SYST.MOR.0006946	249112	92551	156561	18963	73588	0	92551	0	0	0	74512	18039	4.13
FLT0	SYST.MOR.0006949	249112	100923	148189	7659	93264	0	100923	0	0	0	81087	19836	4.09
FLT0	SYST.MOR.0006951	249112	107344	141768	6989	100355	0	107344	0	0	0	86047	21297	4.04
FLT0	SYST.MOR.0006952	249112	100530	148582	8206	92324	0	100530	0	0	0	80777	19753	4.09
FLT0	SYST.MOR.0006964	249112	90282	158830	18604	71678	0	90282	0	0	0	72855	17427	4.18
FLT0	SYST.MOR.0006965	249112	85200	163912	19331	65869	0	85200	0	0	0	68790	16410	4.19
FLT0	SYST.MOR.0006970	249112	96938	152174	14100	82838	0	96938	0	0	0	77694	19244	4.04
FLT0	SYST.MOR.0006971	249112	93640	155472	15643	77997	0	93640	0	0	0	75020	18620	4.03
FLT0	SYST.MOR.0006972	249112	87339	161773	16795	70544	0	87339	0	0	0	70069	17270	4.06
FLT0	SYST.MOR.0006974	249112	94023	155089	16862	77161	0	94023	0	0	0	75357	18666	4.04
FLT0	SYST.MOR.0006976	249112	85835	163277	19086	66749	0	85835	0	0	0	69370	16465	4.21
FLT0	SYST.MOR.0006978	249112	95289	153823	18622	76667	0	95289	0	0	0	76818	18471	4.16
FLT0	SYST.MOR.0006985	249112	89659	159453	17524	72135	0	89659	0	0	0	71939	17720	4.06
FLT0	SYST.MOR.0006987	249112	91446	157666	16313	75133	0	91446	0	0	0	73505	17941	4.10
FLT0	SYST.MOR.0006989	249112	89727	159385	19512	70215	0	89727	0	0	0	72443	17284	4.19
FLT0	SYST.MOR.0006721	249112	109799	139313	9422	100377	0	109799	0	0	0	87702	22097	3.97
FLT0	SYST.MOR.0006729	249112	102575	146537	8676	93899	0	102575	0	0	0	81873	20702	3.95
FLT0	SYST.MOR.0006753	249112	90445	158667	11748	78697	0	90445	0	0	0	72341	18104	4.00
FLT0	SYST.MOR.0006994	249112	97252	151860	14117	83135	0	97252	0	0	0	78071	19181	4.07
FLT0	SYST.MOR.0006995	249112	94955	154157	14690	80265	0	94955	0	0	0	76172	18783	4.06
FLT0	SYST.MOR.0006996	249112	88373	160739	15781	72592	0	88373	0	0	0	70819	17554	4.03
FLT0	SYST.MOR.0007004	249112	95573	153539	14929	80644	0	95573	0	0	0	76685	18888	4.06
FLT0	SYST.MOR.0007005	249112	93756	155356	17679	76077	0	93756	0	0	0	75733	18023	4.20
FLT0	SYST.MOR.0007006	249112	94965	154147	14360	80605	0	94965	0	0	0	76296	18669	4.09
FLT0	SYST.MOR.0007008	249112	98379	150733	14552	83827	0	98379	0	0	0	78933	19446	4.06
FLT0	SYST.MOR.0007017	249112	84455	164657	16761	67694	0	84455	0	0	0	67811	16644	4.07
FLT0	SYST.MOR.0007019	249112	88424	160688	20512	67912	0	88424	0	0	0	71555	16869	4.24
FLT0	SYST.MOR.0007021	249112	92755	156357	16400	76355	0	92755	0	0	0	74456	18299	4.07
FLT0	SYST.MOR.0007023	249112	87526	161586	16754	70772	0	87526	0	0	0	70264	17262	4.07
FLT0	SYST.MOR.0007031	249112	88420	160692	18578	69842	0	88420	0	0	0	71423	16997	4.20
FLT0	SYST.MOR.0007034	249112	90885	158227	19664	71221	0	90885	0	0	0	73438	17447	4.21
FLT0	SYST.MOR.0007041	249112	88320	160792	17291	71029	0	88320	0	0	0	70915	17405	4.07
FLT0	SYST.MOR.0007052	249112	93516	155596	13397	80119	0	93516	0	0	0	75295	18221	4.13
FLT0	SYST.MOR.0007053	249112	92686	156426	19089	73597	0	92686	0	0	0	74804	17882	4.18
FLT0	SYST.MOR.0007055	249112	103543	145569	10881	92662	0	103543	0	0	0	83244	20299	4.10
FLT0	SYST.MOR.0007060	249112	85877	163235	14171	71706	0	85877	0	0	0	68725	17152	4.01
FLT0	SYST.MOR.0007062	249112	88899	160213	19032	69867	0	88899	0	0	0	71877	17022	4.22
FLT0	SYST.MOR.0007063	249112	87467	161645	19443	68024	0	87467	0	0	0	70547	16920	4.17
FLT0	SYST.MOR.0007075	249112	89757	159355	18364	71393	0	89757	0	0	0	72407	17350	4.17
FLT0	SYST.MOR.0007077	249112	106627	142485	7462	99165	0	106627	0	0	0	85879	20748	4.14
FLT0	SYST.MOR.0007089	249112	87018	162094	19159	67859	0	87018	0	0	0	70302	16716	4.21
FLT0	SYST.MOR.0007090	249112	80234	168878	19373	60861	0	80234	0	0	0	64698	15536	4.16
FLT0	SYST.MOR.0007093	249112	82561	166551	19324	63237	0	82561	0	0	0	66557	16004	4.16
FLT0	SYST.MOR.0007094	249112	82625	166487	19271	63354	0	82625	0	0	0	66675	15950	4.18
FLT0	SYST.MOR.0007095	249112	82561	166551	19045	63516	0	82561	0	0	0	66568	15993	4.16
FLT0	SYST.MOR.0007097	249112	86611	162501	18880	67731	0	86611	0	0	0	69906	16705	4.18
FLT0	SYST.MOR.0007098	249112	89279	159833	16507	72772	0	89279	0	0	0	71780	17499	4.10
FLT0	SYST.MOR.0007099	249112	89804	159308	16626	73178	0	89804	0	0	0	72053	17751	4.06
FLT0	SYST.MOR.0007100	249112	92287	156825	16588	75699	0	92287	0	0	0	74048	18239	4.06
FLT0	SYST.MOR.0007102	249112	88288	160824	18878	69410	0	88288	0	0	0	71266	17022	4.19
FLT0	SYST.MOR.0007105	249112	85822	163290	19482	66340	0	85822	0	0	0	69224	16598	4.17
FLT0	SYST.MOR.0007113	249112	88787	160325	17890	70897	0	88787	0	0	0	71610	17177	4.17
FLT0	SYST.MOR.0007120	249112	89928	159184	19688	70240	0	89928	0	0	0	72730	17198	4.23
FLT0	SYST.MOR.0007122	249112	85993	163119	19764	66229	0	85993	0	0	0	69410	16583	4.19
FLT0	SYST.MOR.0007129	249112	93083	156029	17220	75863	0	93083	0	0	0	74715	18368	4.07
FLT0	SYST.MOR.0007134	249112	85363	163749	18501	66862	0	85363	0	0	0	68542	16821	4.07
FLT0	SYST.MOR.0007135	249112	88877	160235	19124	69753	0	88877	0	0	0	71813	17064	4.21
FLT0	SYST.MOR.0007136	249112	88996	160116	19367	69629	0	88996	0	0	0	72147	16849	4.28
FLT0	SYST.MOR.0007138	249112	94649	154463	17067	77582	0	94649	0	0	0	76137	18512	4.11
FLT0	SYST.MOR.0007139	249112	83710	165402	20578	63132	0	83710	0	0	0	67807	15903	4.26
FLT0	SYST.MOR.0007141	249112	87667	161445	17992	69675	0	87667	0	0	0	70384	17283	4.07
FLT0	SYST.MOR.0007145	249112	83959	165153	21125	62834	0	83959	0	0	0	68012	15947	4.26
FLT0	SYST.MOR.0007147	249112	88668	160444	17984	70684	0	88668	0	0	0	71350	17318	4.12
FLT0	SYST.MOR.0007149	249112	84232	164880	19431	64801	0	84232	0	0	0	68010	16222	4.19
FLT0	SYST.MOR.0007155	249112	87639	161473	18061	69578	0	87639	0	0	0	70705	16934	4.18
FLT0	SYST.MOR.0007157	249112	91885	157227	18043	73842	0	91885	0	0	0	73708	18177	4.06
FLT0	SYST.MOR.0007158	249112	89444	159668	20849	68595	0	89444	0	0	0	72622	16822	4.32
FLT0	SYST.MOR.0007160	249112	86118	162994	21462	64656	0	86118	0	0	0	69707	16411	4.25
FLT0	SYST.MOR.0007162	249112	84520	164592	20323	64197	0	84520	0	0	0	68410	16110	4.25
FLT0	SYST.MOR.0007165	249112	82840	166272	19248	63592	0	82840	0	0	0	66932	15908	4.21
FLT0	SYST.MOR.0007169	249112	86253	162859	20609	65644	0	86253	0	0	0	69944	16309	4.29
FLT0	SYST.MOR.0007170	249112	89331	159781	20896	68435	0	89331	0	0	0	72402	16929	4.28
FLT0	SYST.MOR.0007172	249112	89915	159197	21031	68884	0	89915	0	0	0	73045	16870	4.33
FLT0	SYST.MOR.0007173	249112	87053	162059	20756	66297	0	87053	0	0	0	70544	16509	4.27
FLT0	SYST.MOR.0007178	249112	89245	159867	19943	69302	0	89245	0	0	0	72366	16879	4.29
FLT0	SYST.MOR.0007180	249112	90059	159053	19543	70516	0	90059	0	0	0	72671	17388	4.18
FLT0	SYST.MOR.0007182	249112	94129	154983	15428	78701	0	94129	0	0	0	75413	18716	4.03
FLT0	SYST.MOR.0007185	249112	90530	158582	16098	74432	0	90530	0	0	0	72667	17863	4.07
FLT0	SYST.MOR.0007187	249112	88329	160783	15905	72424	0	88329	0	0	0	70911	17418	4.07
FLT0	SYST.MOR.0007194	249112	85132	163980	15909	69223	0	85132	0	0	0	68175	16957	4.02
FLT0	SYST.MOR.0007195	249112	81509	167603	19260	62249	0	81509	0	0	0	65873	15636	4.21
FLT0	SYST.MOR.0007196	249112	85255	163857	16429	68826	0	85255	0	0	0	68356	16899	4.04
FLT0	SYST.MOR.0007197	249112	85403	163709	19704	65699	0	85403	0	0	0	68963	16440	4.19
FLT0	SYST.MOR.0007199	249112	89658	159454	16368	73290	0	89658	0	0	0	71944	17714	4.06
FLT0	SYST.MOR.0007202	249112	87517	161595	17487	70030	0	87517	0	0	0	70154	17363	4.04
FLT0	SYST.MOR.0007203	249112	84356	164756	17015	67341	0	84356	0	0	0	67807	16549	4.10
FLT0	SYST.MOR.0007204	249112	86131	162981	17307	68824	0	86131	0	0	0	69158	16973	4.07
FLT0	SYST.MOR.0007209	249112	93628	155484	16991	76637	0	93628	0	0	0	75173	18455	4.07
FLT0	SYST.MOR.0007211	249112	91043	158069	18887	72156	0	91043	0	0	0	73483	17560	4.18
FLT0	SYST.MOR.0007212	249112	93733	155379	16042	77691	0	93733	0	0	0	75003	18730	4.00
FLT0	SYST.MOR.0007213	249112	94602	154510	15574	79028	0	94602	0	0	0	75837	18765	4.04
FLT0	SYST.MOR.0007216	249112	91920	157192	18676	73244	0	91920	0	0	0	74240	17680	4.20
FLT0	SYST.MOR.0007223	249112	91472	157640	17800	73672	0	91472	0	0	0	73413	18059	4.07
FLT0	SYST.MOR.0007224	249112	89815	159297	17490	72325	0	89815	0	0	0	72246	17569	4.11
FLT0	SYST.MOR.0007227	249112	92901	156211	16605	76296	0	92901	0	0	0	74653	18248	4.09
FLT0	SYST.MOR.0007229	249112	86104	163008	19687	66417	0	86104	0	0	0	69551	16553	4.20
FLT0	SYST.MOR.0007230	249112	87899	161213	19295	68604	0	87899	0	0	0	71018	16881	4.21
FLT0	SYST.MOR.0007234	249112	91341	157771	17244	74097	0	91341	0	0	0	73339	18002	4.07
FLT0	SYST.MOR.0007235	249112	90095	159017	17342	72753	0	90095	0	0	0	72463	17632	4.11
FLT0	SYST.MOR.0007236	249112	83055	166057	17347	65708	0	83055	0	0	0	66908	16147	4.14
FLT0	SYST.MOR.0007238	249112	83923	165189	19549	64374	0	83923	0	0	0	67598	16325	4.14
FLT0	SYST.MOR.0007239	249112	91741	157371	17674	74067	0	91741	0	0	0	73982	17759	4.17
FLT0	SYST.MOR.0007240	249112	84005	165107	19173	64832	0	84005	0	0	0	67789	16216	4.18
FLT0	SYST.MOR.0007244	249112	92318	156794	19320	72998	0	92318	0	0	0	74601	17717	4.21
FLT0	SYST.MOR.0007245	249112	90695	158417	19167	71528	0	90695	0	0	0	73305	17390	4.22
FLT0	SYST.MOR.0007256	249112	85141	163971	18954	66187	0	85141	0	0	0	68606	16535	4.15
SITE0	249112	249112	0	0	201434	47678	4.22
