# CMD line shows the command line used to generate this output
# DEF lines define expressions for all tested thresholds
# FLT* lines report numbers for every threshold and every sample:
#   1) filter id
#   2) sample
#   3) number of genotypes which pass the filter
#   4) number of non-reference genotypes
#   5) number of homozygous ref genotypes (0/0 or 0)
#   6) number of homozygous alt genotypes (1/1, 2/2, etc)
#   7) number of heterozygous genotypes (0/1, 1/2, etc)
#   8) number of hemizygous genotypes (0, 1, etc)
#   9) number of SNVs
#   10) number of indels
#   11) number of singletons
#   12) number of missing genotypes (./., ., ./0, etc)
#   13) number of transitions (alt het genotypes such as "1/2" are counted twice)
#   14) number of transversions (alt het genotypes such as "1/2" are counted twice)
#   15) overall ts/tv
# SITE* lines report numbers for every threshold:
#   1) filter id
#   2) number of sites which pass the filter
#   3) number of SNVs
#   4) number of indels
#   5) number of singletons
#   6) number of transitions (counted at most once at multiallelic sites)
#   7) number of transversions (counted at most once at multiallelic sites)
#   8) overall ts/tv
CMD	smpl-stats -o ../out/stats.raw_vcf.txt ../data/KHUFU/KHU075_SNPcalls_20241105.raw.vcf.gz
DEF	FLT0	all
FLT0	OAK.MOR.000132	206633	72973	133660	11930	61043	0	72973	0	0	42479	58526	14447	4.05
FLT0	OAK.MOR.000635	215154	81266	133888	9533	71733	0	81266	0	0	33958	65338	15928	4.10
FLT0	OAK.MOR.001245	211422	80358	131064	14391	65967	0	80358	0	0	37690	64438	15920	4.05
FLT0	OAK.MOR.001369	201939	75640	126299	16579	59061	0	75640	0	0	47173	61193	14447	4.24
FLT0	OAK.MOR.001370	244799	144567	100232	2043	142524	0	144567	0	0	4313	116372	28195	4.13
FLT0	OAK.MOR.001372	213596	83214	130382	17499	65715	0	83214	0	0	35516	67233	15981	4.21
FLT0	OAK.MOR.001377	184923	67763	117160	15860	51903	0	67763	0	0	64189	54704	13059	4.19
FLT0	OAK.MOR.001378	210938	81481	129457	16890	64591	0	81481	0	0	38174	65924	15557	4.24
FLT0	OAK.MOR.001383	229592	93766	135826	14370	79396	0	93766	0	0	19520	75280	18486	4.07
FLT0	OAK.MOR.001465	193110	71326	121784	15742	55584	0	71326	0	0	56002	57371	13955	4.11
FLT0	OAK.MOR.001468	152274	52320	99954	13884	38436	0	52320	0	0	96838	42054	10266	4.10
FLT0	SYST.MOR.0006764	214342	91386	122956	9294	82092	0	91386	0	0	34770	72962	18424	3.96
FLT0	SYST.MOR.0006781	235479	107108	128371	5814	101294	0	107108	0	0	13633	85374	21734	3.93
FLT0	SYST.MOR.0006791	237709	111340	126369	5697	105643	0	111340	0	0	11403	88759	22581	3.93
FLT0	SYST.MOR.0006798	189163	74637	114526	6275	68362	0	74637	0	0	59949	59750	14887	4.01
FLT0	SYST.MOR.0006821	231044	104871	126173	8336	96535	0	104871	0	0	18068	83784	21087	3.97
FLT0	SYST.MOR.0006852	225052	99233	125819	8460	90773	0	99233	0	0	24060	79246	19987	3.96
FLT0	SYST.MOR.0006857	220030	94715	125315	8447	86268	0	94715	0	0	29082	75473	19242	3.92
FLT0	SYST.MOR.0006870	222283	96835	125448	8725	88110	0	96835	0	0	26829	77076	19759	3.90
FLT0	SYST.MOR.0006890	231340	105566	125774	7486	98080	0	105566	0	0	17772	84167	21399	3.93
FLT0	SYST.MOR.0006894	226629	100208	126421	7763	92445	0	100208	0	0	22483	79940	20268	3.94
FLT0	SYST.MOR.0006897	214158	91611	122547	7516	84095	0	91611	0	0	34954	73134	18477	3.96
FLT0	SYST.MOR.0006907	212239	92182	120057	7626	84556	0	92182	0	0	36873	73747	18435	4.00
FLT0	SYST.MOR.0006932	201932	84579	117353	8425	76154	0	84579	0	0	47180	67599	16980	3.98
FLT0	SYST.MOR.0006937	231925	102863	129062	5956	96907	0	102863	0	0	17187	82044	20819	3.94
FLT0	SYST.MOR.0006943	217483	93508	123975	6402	87106	0	93508	0	0	31629	74725	18783	3.98
FLT0	SYST.MOR.0006955	212526	89508	123018	6215	83293	0	89508	0	0	36586	71216	18292	3.89
FLT0	SYST.MOR.0006973	230068	103188	126880	6147	97041	0	103188	0	0	19044	82512	20676	3.99
FLT0	SYST.MOR.0006991	198629	72250	126379	15015	57235	0	72250	0	0	50483	58544	13706	4.27
FLT0	SYST.MOR.0007002	217360	92670	124690	6176	86494	0	92670	0	0	31752	74022	18648	3.97
FLT0	SYST.MOR.0007016	205380	84837	120543	7257	77580	0	84837	0	0	43732	67860	16977	4.00
FLT0	SYST.MOR.0007037	238095	111101	126994	7877	103224	0	111101	0	0	11017	88793	22308	3.98
FLT0	SYST.MOR.0007048	232681	105722	126959	5629	100093	0	105722	0	0	16431	84160	21562	3.90
FLT0	SYST.MOR.0007066	234192	106571	127621	6108	100463	0	106571	0	0	14920	84892	21679	3.92
FLT0	SYST.MOR.0007072	215468	90516	124952	6526	83990	0	90516	0	0	33644	72103	18413	3.92
FLT0	SYST.MOR.0007088	227615	100445	127170	6554	93891	0	100445	0	0	21497	80199	20246	3.96
FLT0	SYST.MOR.0007124	192192	78890	113302	6029	72861	0	78890	0	0	56920	63000	15890	3.96
FLT0	SYST.MOR.0007130	195875	79611	116264	8872	70739	0	79611	0	0	53237	63562	16049	3.96
FLT0	SYST.MOR.0007150	199081	80698	118383	10187	70511	0	80698	0	0	50031	64210	16488	3.89
FLT0	SYST.MOR.0007163	218096	91898	126198	10558	81340	0	91898	0	0	31016	73338	18560	3.95
FLT0	SYST.MOR.0007174	217958	94331	123627	9102	85229	0	94331	0	0	31154	75528	18803	4.02
FLT0	SYST.MOR.0007181	105346	36720	68626	4444	32276	0	36720	0	0	143766	29412	7308	4.02
FLT0	SYST.MOR.0007206	162861	62565	100296	6373	56192	0	62565	0	0	86251	49946	12619	3.96
FLT0	SYST.MOR.0007221	216158	93471	122687	7380	86091	0	93471	0	0	32954	74564	18907	3.94
FLT0	SYST.MOR.0007251	196736	80961	115775	5958	75003	0	80961	0	0	52376	64140	16821	3.81
FLT0	MOR0001	71324	24676	46648	2847	21829	0	24676	0	0	177788	19889	4787	4.15
FLT0	MOR0004	218026	93878	124148	6002	87876	0	93878	0	0	31086	74831	19047	3.93
FLT0	MOR0005	220489	95139	125350	5977	89162	0	95139	0	0	28623	75992	19147	3.97
FLT0	MOR0006	189425	76538	112887	5546	70992	0	76538	0	0	59687	61073	15465	3.95
FLT0	MOR0007	97184	37052	60132	2954	34098	0	37052	0	0	151928	29883	7169	4.17
FLT0	MOR0008	49483	16946	32537	1915	15031	0	16946	0	0	199629	13797	3149	4.38
FLT0	MOR0009	139877	54517	85360	4267	50250	0	54517	0	0	109235	43752	10765	4.06
FLT0	MOR0012	59029	19731	39298	2398	17333	0	19731	0	0	190083	15874	3857	4.12
FLT0	MOR0013	181334	72930	108404	5674	67256	0	72930	0	0	67778	58277	14653	3.98
FLT0	MOR0015	81891	28385	53506	3129	25256	0	28385	0	0	167221	22678	5707	3.97
FLT0	MOR0016	193665	79321	114344	5532	73789	0	79321	0	0	55447	63658	15663	4.06
FLT0	MOR0018	72401	26488	45913	2096	24392	0	26488	0	0	176711	21330	5158	4.14
FLT0	MOR0019	132940	55499	77441	3865	51634	0	55499	0	0	116172	43376	12123	3.58
FLT0	MOR0021	123485	47214	76271	5237	41977	0	47214	0	0	125627	38173	9041	4.22
FLT0	MOR0022	98265	37986	60279	3948	34038	0	37986	0	0	150847	30630	7356	4.16
FLT0	MOR0024	65995	23559	42436	2909	20650	0	23559	0	0	183117	19039	4520	4.21
FLT0	MOR0025	142476	54649	87827	4702	49947	0	54649	0	0	106636	43443	11206	3.88
FLT0	MOR0027	215684	92587	123097	5844	86743	0	92587	0	0	33428	73559	19028	3.87
FLT0	MOR0029	134947	52216	82731	4437	47779	0	52216	0	0	114165	41891	10325	4.06
FLT0	MOR0030	237419	112694	124725	7609	105085	0	112694	0	0	11693	90149	22545	4.00
FLT0	MOR0031	156331	62005	94326	4926	57079	0	62005	0	0	92781	49639	12366	4.01
FLT0	MOR0032	223982	99836	124146	5634	94202	0	99836	0	0	25130	79658	20178	3.95
FLT0	MOR0033	237835	114786	123049	5225	109561	0	114786	0	0	11277	91892	22894	4.01
FLT0	MOR0034	228532	102844	125688	5531	97313	0	102844	0	0	20580	82371	20473	4.02
FLT0	MOR0035	187475	77637	109838	7454	70183	0	77637	0	0	61637	62300	15337	4.06
FLT0	MOR0036	163697	63848	99849	5052	58796	0	63848	0	0	85415	51467	12381	4.16
FLT0	MOR0037	84862	32140	52722	3131	29009	0	32140	0	0	164250	25847	6293	4.11
FLT0	MOR0038	108508	41305	67203	3120	38185	0	41305	0	0	140604	33083	8222	4.02
FLT0	MOR0039	44754	14500	30254	1979	12521	0	14500	0	0	204358	11620	2880	4.03
FLT0	MOR0040	94574	34077	60497	3547	30530	0	34077	0	0	154538	26931	7146	3.77
FLT0	MOR0041	25195	7621	17574	1279	6342	0	7621	0	0	223917	5945	1676	3.55
FLT0	MOR0042	49868	17369	32499	1919	15450	0	17369	0	0	199244	13789	3580	3.85
FLT0	MOR0043	222732	97322	125410	5655	91667	0	97322	0	0	26380	77616	19706	3.94
FLT0	MOR0044	230399	103230	127169	5430	97800	0	103230	0	0	18713	82229	21001	3.92
FLT0	MOR0045	58144	19705	38439	2115	17590	0	19705	0	0	190968	16042	3663	4.38
FLT0	MOR0046	188762	79540	109222	5075	74465	0	79540	0	0	60350	63596	15944	3.99
FLT0	MOR0047	218929	96670	122259	8625	88045	0	96670	0	0	30183	77372	19298	4.01
FLT0	MOR0048	158249	62558	95691	5066	57492	0	62558	0	0	90863	50345	12213	4.12
FLT0	MOR0049	234989	107957	127032	5085	102872	0	107957	0	0	14123	86137	21820	3.95
FLT0	MOR0050	32146	10426	21720	1352	9074	0	10426	0	0	216966	8395	2031	4.13
FLT0	MOR0051	159955	62619	97336	5145	57474	0	62619	0	0	89157	50355	12264	4.11
FLT0	MOR0052	90696	36269	54427	2685	33584	0	36269	0	0	158416	29267	7002	4.18
FLT0	MOR0053	100025	38686	61339	3334	35352	0	38686	0	0	149087	30032	8654	3.47
FLT0	MOR0054	64831	22752	42079	2847	19905	0	22752	0	0	184281	18278	4474	4.09
FLT0	MOR0055	188049	83243	104806	5531	77712	0	83243	0	0	61063	66698	16545	4.03
FLT0	MOR0056	55169	18974	36195	2306	16668	0	18974	0	0	193943	15429	3545	4.35
FLT0	MOR0057	105696	40245	65451	4259	35986	0	40245	0	0	143416	32609	7636	4.27
FLT0	MOR0058	187694	76757	110937	5686	71071	0	76757	0	0	61418	61374	15383	3.99
FLT0	MOR0060	79091	28477	50614	2863	25614	0	28477	0	0	170021	22442	6035	3.72
FLT0	MOR0061	154426	62805	91621	4396	58409	0	62805	0	0	94686	50431	12374	4.08
FLT0	MOR0062	82123	30256	51867	2957	27299	0	30256	0	0	166989	24256	6000	4.04
FLT0	MOR0063	140231	53825	86406	4859	48966	0	53825	0	0	108881	43159	10666	4.05
FLT0	MOR0066	43661	14798	28863	1590	13208	0	14798	0	0	205451	12226	2572	4.75
FLT0	MOR0067	38933	13244	25689	1232	12012	0	13244	0	0	210179	10561	2683	3.94
FLT0	MOR0068	66285	23132	43153	2464	20668	0	23132	0	0	182827	18480	4652	3.97
FLT0	MOR0069	97969	35948	62021	3438	32510	0	35948	0	0	151143	28807	7141	4.03
FLT0	MOR0070	90668	31997	58671	3323	28674	0	31997	0	0	158444	25751	6246	4.12
FLT0	MOR0071	154470	60950	93520	4737	56213	0	60950	0	0	94642	48945	12005	4.08
FLT0	MOR0075	219612	99754	119858	4516	95238	0	99754	0	0	29500	79453	20301	3.91
FLT0	MOR0076	141830	56219	85611	3932	52287	0	56219	0	0	107282	45093	11126	4.05
FLT0	MOR0077	41589	13731	27858	1562	12169	0	13731	0	0	207523	11092	2639	4.20
FLT0	MOR0078	186273	77132	109141	5244	71888	0	77132	0	0	62839	61769	15363	4.02
FLT0	MOR0079	221787	103471	118316	4744	98727	0	103471	0	0	27325	82289	21182	3.88
FLT0	MOR0081	171035	70112	100923	6676	63436	0	70112	0	0	78077	55815	14297	3.90
FLT0	MOR0082	106966	42372	64594	3376	38996	0	42372	0	0	142146	33960	8412	4.04
FLT0	MOR0083	169705	71927	97778	6015	65912	0	71927	0	0	79407	57216	14711	3.89
FLT0	MOR0085	217076	92594	124482	6240	86354	0	92594	0	0	32036	73657	18937	3.89
FLT0	MOR0087	160134	62673	97461	5107	57566	0	62673	0	0	88978	49910	12763	3.91
FLT0	MOR0089	67317	24120	43197	2211	21909	0	24120	0	0	181795	19168	4952	3.87
FLT0	MOR0090	75072	26942	48130	2770	24172	0	26942	0	0	174040	21653	5289	4.09
FLT0	MOR0091	222689	99793	122896	5655	94138	0	99793	0	0	26423	79690	20103	3.96
FLT0	MOR0093	164963	66486	98477	5182	61304	0	66486	0	0	84149	52937	13549	3.91
FLT0	MOR0094	209492	91617	117875	7509	84108	0	91617	0	0	39620	73112	18505	3.95
FLT0	MOR0096	102500	39065	63435	4162	34903	0	39065	0	0	146612	31478	7587	4.15
FLT0	MOR0097	188209	79240	108969	5172	74068	0	79240	0	0	60903	62953	16287	3.87
FLT0	MOR0098	228289	100651	127638	5931	94720	0	100651	0	0	20823	80050	20601	3.89
FLT0	MOR0100	231117	103027	128090	5567	97460	0	103027	0	0	17995	82363	20664	3.99
FLT0	MOR0104	243798	115702	128096	5472	110230	0	115702	0	0	5314	92334	23368	3.95
FLT0	MOR0107	87303	32224	55079	3228	28996	0	32224	0	0	161809	25849	6375	4.05
FLT0	MOR0109	89062	31952	57110	3866	28086	0	31952	0	0	160050	25750	6202	4.15
FLT0	MOR0111	178032	71970	106062	5341	66629	0	71970	0	0	71080	57550	14420	3.99
FLT0	MOR0112	236424	106118	130306	5861	100257	0	106118	0	0	12688	84884	21234	4.00
FLT0	MOR0113	209112	89207	119905	7818	81389	0	89207	0	0	40000	71533	17674	4.05
FLT0	MOR0114	135634	51104	84530	4728	46376	0	51104	0	0	113478	40757	10347	3.94
FLT0	MOR0116	99261	36098	63163	4706	31392	0	36098	0	0	149851	29070	7028	4.14
FLT0	MOR0118	232014	105550	126464	5463	100087	0	105550	0	0	17098	84036	21514	3.91
FLT0	MOR0119	209081	88181	120900	6047	82134	0	88181	0	0	40031	70478	17703	3.98
FLT0	MOR0120	48528	16205	32323	2540	13665	0	16205	0	0	200584	12951	3254	3.98
FLT0	MOR0121	174552	72271	102281	4982	67289	0	72271	0	0	74560	57458	14813	3.88
FLT0	MOR0122	231514	104777	126737	5682	99095	0	104777	0	0	17598	83622	21155	3.95
FLT0	MOR0123	221592	101336	120256	5125	96211	0	101336	0	0	27520	80459	20877	3.85
FLT0	MOR0124	156981	59903	97078	5462	54441	0	59903	0	0	92131	47683	12220	3.90
FLT0	MOR0125	165543	65012	100531	5275	59737	0	65012	0	0	83569	52229	12783	4.09
FLT0	MOR0127	230865	101564	129301	5987	95577	0	101564	0	0	18247	81145	20419	3.97
FLT0	MOR0128	176972	70086	106886	5645	64441	0	70086	0	0	72140	56240	13846	4.06
FLT0	MOR0129	230472	102435	128037	6392	96043	0	102435	0	0	18640	81681	20754	3.94
FLT0	MOR0131	230493	102747	127746	6140	96607	0	102747	0	0	18619	82148	20599	3.99
FLT0	MOR0132	120924	45834	75090	4091	41743	0	45834	0	0	128188	36492	9342	3.91
FLT0	MOR0133	228062	101671	126391	6286	95385	0	101671	0	0	21050	81328	20343	4.00
FLT0	MOR0136	114856	46792	68064	3799	42993	0	46792	0	0	134256	37096	9696	3.83
FLT0	MOR0137	201870	92162	109708	4890	87272	0	92162	0	0	47242	73283	18879	3.88
FLT0	MOR0138	134194	50363	83831	4618	45745	0	50363	0	0	114918	40385	9978	4.05
FLT0	MOR0139	234888	106532	128356	6038	100494	0	106532	0	0	14224	84903	21629	3.93
FLT0	MOR0140	188112	77548	110564	7796	69752	0	77548	0	0	61000	62468	15080	4.14
FLT0	MOR0141	209492	85911	123581	6279	79632	0	85911	0	0	39620	68602	17309	3.96
FLT0	MOR0142	205844	86866	118978	6060	80806	0	86866	0	0	43268	69453	17413	3.99
FLT0	MOR0143	97615	36635	60980	4280	32355	0	36635	0	0	151497	29242	7393	3.96
FLT0	MOR0144	155569	59957	95612	5166	54791	0	59957	0	0	93543	48088	11869	4.05
FLT0	MOR0145	192448	78483	113965	5736	72747	0	78483	0	0	56664	62582	15901	3.94
FLT0	MOR0146	169620	71178	98442	5256	65922	0	71178	0	0	79492	57129	14049	4.07
FLT0	MOR0147	158700	63263	95437	5109	58154	0	63263	0	0	90412	50913	12350	4.12
FLT0	MOR0148	102878	39104	63774	3406	35698	0	39104	0	0	146234	31081	8023	3.87
FLT0	MOR0149	60412	20651	39761	2478	18173	0	20651	0	0	188700	16644	4007	4.15
FLT0	MOR0150	228985	99585	129400	6102	93483	0	99585	0	0	20127	79366	20219	3.93
FLT0	MOR0151	153304	58220	95084	4991	53229	0	58220	0	0	95808	46484	11736	3.96
FLT0	MOR0152	220201	94584	125617	6440	88144	0	94584	0	0	28911	75486	19098	3.95
FLT0	MOR0153	36305	11663	24642	1590	10073	0	11663	0	0	212807	9383	2280	4.12
FLT0	MOR0154	114299	44363	69936	3857	40506	0	44363	0	0	134813	35532	8831	4.02
FLT0	MOR0156	114732	42251	72481	4264	37987	0	42251	0	0	134380	33857	8394	4.03
FLT0	MOR0157	155376	64612	90764	4341	60271	0	64612	0	0	93736	51370	13242	3.88
FLT0	MOR0158	43238	14204	29034	1786	12418	0	14204	0	0	205874	11429	2775	4.12
FLT0	MOR0159	41795	13979	27816	1793	12186	0	13979	0	0	207317	11199	2780	4.03
FLT0	MOR0160	57753	20412	37341	2479	17933	0	20412	0	0	191359	16150	4262	3.79
FLT0	MOR0161	57220	19829	37391	2164	17665	0	19829	0	0	191892	15710	4119	3.81
FLT0	MOR0163	61546	21320	40226	2301	19019	0	21320	0	0	187566	16921	4399	3.85
FLT0	MOR0164	108606	39281	69325	3938	35343	0	39281	0	0	140506	31422	7859	4.00
FLT0	MOR0165	221042	95692	125350	5886	89806	0	95692	0	0	28070	76375	19317	3.95
FLT0	MOR0167	196007	83183	112824	5584	77599	0	83183	0	0	53105	66541	16642	4.00
FLT0	MOR0169	136477	53735	82742	4349	49386	0	53735	0	0	112635	43227	10508	4.11
FLT0	MOR0170	135073	54151	80922	5119	49032	0	54151	0	0	114039	43471	10680	4.07
FLT0	MOR0171	178444	68685	109759	5876	62809	0	68685	0	0	70668	54801	13884	3.95
FLT0	MOR0172	182949	73527	109422	5629	67898	0	73527	0	0	66163	58866	14661	4.02
FLT0	MOR0173	85908	31670	54238	2788	28882	0	31670	0	0	163204	25570	6100	4.19
FLT0	MOR0174	174813	69196	105617	5492	63704	0	69196	0	0	74299	55433	13763	4.03
FLT0	MOR0175	207835	93367	114468	7118	86249	0	93367	0	0	41277	74299	19068	3.90
FLT0	MOR0177	59863	20477	39386	2251	18226	0	20477	0	0	189249	16294	4183	3.90
FLT0	MOR0179	240887	112319	128568	5612	106707	0	112319	0	0	8225	89625	22694	3.95
FLT0	MOR0181	186052	79283	106769	7018	72265	0	79283	0	0	63060	63594	15689	4.05
FLT0	MOR0182	216480	92904	123576	5668	87236	0	92904	0	0	32632	74319	18585	4.00
FLT0	MOR0184	238193	108337	129856	5823	102514	0	108337	0	0	10919	86653	21684	4.00
FLT0	MOR0185	187302	77773	109529	7415	70358	0	77773	0	0	61810	62550	15223	4.11
FLT0	MOR0186	178774	72877	105897	5813	67064	0	72877	0	0	70338	58586	14291	4.10
FLT0	MOR0187	151996	58702	93294	5292	53410	0	58702	0	0	97116	46984	11718	4.01
FLT0	MOR0189	167470	65733	101737	5247	60486	0	65733	0	0	81642	52209	13524	3.86
FLT0	MOR0190	233164	106988	126176	6393	100595	0	106988	0	0	15948	85481	21507	3.97
FLT0	MOR0192	239697	109998	129699	5705	104293	0	109998	0	0	9415	87842	22156	3.96
FLT0	MOR0193	243717	116216	127501	5396	110820	0	116216	0	0	5395	92716	23500	3.95
FLT0	MOR0195	243405	115491	127914	5425	110066	0	115491	0	0	5707	92081	23410	3.93
FLT0	MOR0197	238623	111794	126829	8225	103569	0	111794	0	0	10489	89091	22703	3.92
FLT0	MOR0198	243097	114355	128742	5760	108595	0	114355	0	0	6015	91364	22991	3.97
FLT0	MOR0199	216200	92918	123282	6013	86905	0	92918	0	0	32912	74282	18636	3.99
FLT0	MOR0200	245222	122450	122772	5144	117306	0	122450	0	0	3890	97773	24677	3.96
FLT0	MOR0201	121807	42605	79202	5633	36972	0	42605	0	0	127305	33957	8648	3.93
FLT0	MOR0202	191519	77975	113544	5649	72326	0	77975	0	0	57593	62111	15864	3.92
FLT0	MOR0203	223295	98030	125265	9087	88943	0	98030	0	0	25817	78373	19657	3.99
FLT0	MOR0205	216795	92259	124536	6201	86058	0	92259	0	0	32317	73670	18589	3.96
FLT0	MOR0207	210710	90309	120401	8236	82073	0	90309	0	0	38402	72269	18040	4.01
FLT0	MOR0208	231684	106655	125029	8055	98600	0	106655	0	0	17428	85372	21283	4.01
FLT0	MOR0210	154009	57243	96766	5653	51590	0	57243	0	0	95103	45901	11342	4.05
FLT0	MOR0212	211739	90509	121230	6295	84214	0	90509	0	0	37373	72316	18193	3.97
FLT0	MOR0216	221816	95917	125899	6428	89489	0	95917	0	0	27296	76677	19240	3.99
FLT0	MOR0218	156977	60641	96336	7324	53317	0	60641	0	0	92135	48501	12140	4.00
FLT0	MOR0219	234412	109472	124940	5340	104132	0	109472	0	0	14700	87480	21992	3.98
FLT0	MOR0220	179582	69845	109737	6109	63736	0	69845	0	0	69530	55874	13971	4.00
FLT0	MOR0221	229200	102414	126786	6096	96318	0	102414	0	0	19912	81922	20492	4.00
FLT0	MOR0222	215402	92790	122612	6145	86645	0	92790	0	0	33710	73978	18812	3.93
FLT0	MOR0224	230060	105110	124950	7985	97125	0	105110	0	0	19052	83953	21157	3.97
FLT0	MOR0226	217408	92758	124650	6170	86588	0	92758	0	0	31704	74247	18511	4.01
FLT0	MOR0227	228880	103314	125566	5751	97563	0	103314	0	0	20232	82458	20856	3.95
FLT0	MOR0228	225916	109039	116877	3548	105491	0	109039	0	0	23196	87425	21614	4.04
FLT0	MOR0229	189784	76285	113499	5979	70306	0	76285	0	0	59328	60926	15359	3.97
FLT0	MOR0231	166775	64798	101977	7579	57219	0	64798	0	0	82337	52020	12778	4.07
FLT0	MOR0232	195008	82183	112825	7867	74316	0	82183	0	0	54104	66225	15958	4.15
FLT0	MOR0235	167761	63132	104629	5817	57315	0	63132	0	0	81351	50909	12223	4.17
FLT0	MOR0237	191023	77888	113135	5920	71968	0	77888	0	0	58089	62124	15764	3.94
FLT0	MOR0239	183458	73512	109946	5832	67680	0	73512	0	0	65654	59320	14192	4.18
FLT0	MOR0241	236664	109942	126722	8213	101729	0	109942	0	0	12448	87986	21956	4.01
FLT0	MOR0242	214915	92299	122616	7988	84311	0	92299	0	0	34197	73671	18628	3.95
FLT0	MOR0246	237987	113036	124951	8225	104811	0	113036	0	0	11125	90247	22789	3.96
FLT0	MOR0247	60619	19163	41456	3051	16112	0	19163	0	0	188493	15417	3746	4.12
FLT0	MOR0249	53364	16494	36870	2809	13685	0	16494	0	0	195748	13198	3296	4.00
FLT0	MOR0251	148435	53845	94590	6055	47790	0	53845	0	0	100677	43385	10460	4.15
FLT0	MOR0252	131911	48614	83297	6423	42191	0	48614	0	0	117201	38912	9702	4.01
FLT0	MOR0253	230297	102033	128264	6155	95878	0	102033	0	0	18815	81333	20700	3.93
FLT0	MOR0254	214968	90953	124015	6363	84590	0	90953	0	0	34144	72949	18004	4.05
FLT0	MOR0255	231245	105102	126143	9189	95913	0	105102	0	0	17867	83783	21319	3.93
FLT0	MOR0256	190377	77314	113063	8368	68946	0	77314	0	0	58735	62183	15131	4.11
FLT0	MOR0257	129435	47391	82044	7009	40382	0	47391	0	0	119677	38251	9140	4.19
FLT0	MOR0259	245834	127579	118255	4802	122777	0	127579	0	0	3278	101807	25772	3.95
FLT0	MOR0260	127392	48156	79236	5933	42223	0	48156	0	0	121720	38823	9333	4.16
FLT0	MOR0261	239564	117134	122430	6785	110349	0	117134	0	0	9548	93669	23465	3.99
FLT0	MOR0262	194056	79003	115053	6221	72782	0	79003	0	0	55056	63482	15521	4.09
FLT0	MOR0263	226866	102226	124640	7962	94264	0	102226	0	0	22246	81814	20412	4.01
FLT0	MOR0264	179201	70805	108396	5953	64852	0	70805	0	0	69911	56210	14595	3.85
FLT0	MOR0265	148147	53160	94987	5859	47301	0	53160	0	0	100965	42832	10328	4.15
FLT0	MOR0266	243445	121417	122028	5146	116271	0	121417	0	0	5667	96781	24636	3.93
FLT0	MOR0267	229269	100122	129147	7151	92971	0	100122	0	0	19843	79881	20241	3.95
FLT0	MOR0269	52995	16437	36558	2814	13623	0	16437	0	0	196117	13074	3363	3.89
FLT0	MOR0270	214671	91621	123050	5793	85828	0	91621	0	0	34441	72849	18772	3.88
FLT0	MOR0271	193471	76740	116731	6510	70230	0	76740	0	0	55641	61233	15507	3.95
FLT0	MOR0272	207816	86527	121289	6145	80382	0	86527	0	0	41296	69235	17292	4.00
FLT0	MOR0273	82612	27400	55212	3820	23580	0	27400	0	0	166500	21672	5728	3.78
FLT0	MOR0274	223937	98714	125223	8663	90051	0	98714	0	0	25175	78660	20054	3.92
FLT0	MOR0276	77717	27235	50482	3415	23820	0	27235	0	0	171395	22051	5184	4.25
FLT0	MOR0278	161739	62478	99261	5253	57225	0	62478	0	0	87373	50123	12355	4.06
FLT0	MOR0279	215444	92236	123208	5885	86351	0	92236	0	0	33668	74060	18176	4.07
FLT0	MOR0281	237230	112946	124284	5301	107645	0	112946	0	0	11882	90026	22920	3.93
FLT0	MOR0282	184050	74238	109812	8225	66013	0	74238	0	0	65062	59391	14847	4.00
FLT0	MOR0284	184228	74085	110143	7897	66188	0	74085	0	0	64884	59402	14683	4.05
FLT0	MOR0287	202796	84345	118451	6343	78002	0	84345	0	0	46316	67344	17001	3.96
FLT0	MOR0289	61188	20060	41128	2544	17516	0	20060	0	0	187924	16134	3926	4.11
FLT0	MOR0290	180925	74093	106832	7687	66406	0	74093	0	0	68187	59415	14678	4.05
FLT0	MOR0291	197577	82584	114993	7996	74588	0	82584	0	0	51535	66211	16373	4.04
FLT0	MOR0292	241567	117415	124152	5212	112203	0	117415	0	0	7545	93663	23752	3.94
FLT0	MOR0293	203921	82924	120997	6183	76741	0	82924	0	0	45191	66296	16628	3.99
FLT0	MOR0294	217083	95210	121873	8168	87042	0	95210	0	0	32029	75991	19219	3.95
FLT0	MOR0295	215279	93996	121283	7955	86041	0	93996	0	0	33833	75212	18784	4.00
FLT0	MOR0297	241918	120310	121608	4698	115612	0	120310	0	0	7194	95794	24516	3.91
FLT0	MOR0298	60221	19438	40783	3629	15809	0	19438	0	0	188891	15672	3766	4.16
FLT0	MOR0299	54503	17202	37301	3388	13814	0	17202	0	0	194609	13881	3321	4.18
FLT0	MOR0300	208407	82785	125622	11765	71020	0	82785	0	0	40705	66240	16545	4.00
FLT0	MOR0301	236976	110934	126042	5381	105553	0	110934	0	0	12136	88557	22377	3.96
FLT0	MOR0302	87658	28852	58806	3786	25066	0	28852	0	0	161454	22997	5855	3.93
FLT0	MOR0304	201157	81024	120133	6300	74724	0	81024	0	0	47955	64803	16221	4.00
FLT0	MOR0305	140806	50681	90125	5432	45249	0	50681	0	0	108306	40273	10408	3.87
FLT0	MOR0306	216756	92463	124293	9004	83459	0	92463	0	0	32356	73657	18806	3.92
FLT0	MOR0307	184608	71653	112955	5951	65702	0	71653	0	0	64504	57092	14561	3.92
FLT0	MOR0309	227647	101866	125781	5586	96280	0	101866	0	0	21465	81229	20637	3.94
FLT0	MOR0310	153489	57839	95650	5368	52471	0	57839	0	0	95623	46034	11805	3.90
FLT0	MOR0311	128245	45694	82551	5277	40417	0	45694	0	0	120867	36404	9290	3.92
FLT0	MOR0312	88168	30735	57433	4196	26539	0	30735	0	0	160944	24823	5912	4.20
FLT0	MOR0313	199417	81621	117796	8247	73374	0	81621	0	0	49695	65074	16547	3.93
FLT0	MOR0314	174992	68921	106071	5587	63334	0	68921	0	0	74120	55069	13852	3.98
FLT0	MOR0315	120192	41991	78201	4952	37039	0	41991	0	0	128920	33635	8356	4.03
FLT0	MOR0316	132426	48024	84402	6899	41125	0	48024	0	0	116686	38033	9991	3.81
FLT0	MOR0317	155163	58436	96727	7124	51312	0	58436	0	0	93949	46739	11697	4.00
FLT0	MOR0318	123968	43721	80247	4890	38831	0	43721	0	0	125144	34864	8857	3.94
FLT0	MOR0319	183285	72900	110385	5960	66940	0	72900	0	0	65827	58050	14850	3.91
FLT0	MOR0320	208554	88091	120463	8807	79284	0	88091	0	0	40558	70318	17773	3.96
FLT0	MOR0321	229593	102832	126761	5681	97151	0	102832	0	0	19519	81740	21092	3.88
FLT0	MOR0322	55862	17558	38304	3340	14218	0	17558	0	0	193250	14102	3456	4.08
FLT0	MOR0323	85601	29195	56406	3623	25572	0	29195	0	0	163511	23384	5811	4.02
FLT0	MOR0324	216467	105572	110895	4477	101095	0	105572	0	0	32645	84198	21374	3.94
FLT0	MOR0326	226345	98872	127473	5862	93010	0	98872	0	0	22767	78877	19995	3.94
FLT0	MOR0327	204218	85453	118765	8227	77226	0	85453	0	0	44894	68073	17380	3.92
FLT0	MOR0328	122875	44853	78022	5829	39024	0	44853	0	0	126237	35952	8901	4.04
FLT0	MOR0329	152615	55241	97374	8198	47043	0	55241	0	0	96497	44184	11057	4.00
FLT0	MOR0330	119107	42068	77039	4771	37297	0	42068	0	0	130005	33832	8236	4.11
FLT0	MOR0331	132280	47271	85009	5013	42258	0	47271	0	0	116832	37756	9515	3.97
FLT0	MOR0333	225334	101526	123808	7882	93644	0	101526	0	0	23778	80760	20766	3.89
FLT0	MOR0335	157793	60107	97686	5718	54389	0	60107	0	0	91319	48029	12078	3.98
FLT0	MOR0336	85711	28254	57457	3508	24746	0	28254	0	0	163401	22455	5799	3.87
FLT0	MOR0337	164948	63289	101659	5724	57565	0	63289	0	0	84164	50317	12972	3.88
FLT0	MOR0338	116554	41470	75084	6283	35187	0	41470	0	0	132558	32861	8609	3.82
FLT0	MOR0340	56639	17550	39089	2732	14818	0	17550	0	0	192473	13965	3585	3.90
FLT0	MOR0342	141581	52224	89357	7099	45125	0	52224	0	0	107531	41862	10362	4.04
FLT0	MOR0343	182681	72775	109906	8369	64406	0	72775	0	0	66431	58143	14632	3.97
FLT0	MOR0345	93108	31318	61790	3908	27410	0	31318	0	0	156004	24885	6433	3.87
FLT0	MOR0346	73413	24112	49301	3632	20480	0	24112	0	0	175699	19546	4566	4.28
FLT0	MOR0347	124815	44143	80672	5011	39132	0	44143	0	0	124297	34814	9329	3.73
FLT0	MOR0348	184261	71297	112964	5896	65401	0	71297	0	0	64851	56793	14504	3.92
FLT0	MOR0351	139691	51723	87968	6871	44852	0	51723	0	0	109421	41388	10335	4.00
FLT0	MOR0352	39692	11562	28130	2107	9455	0	11562	0	0	209420	9275	2287	4.06
FLT0	MOR0353	155079	58566	96513	5521	53045	0	58566	0	0	94033	46605	11961	3.90
FLT0	MOR0354	225179	100167	125012	7937	92230	0	100167	0	0	23933	79902	20265	3.94
FLT0	MOR0355	240201	114460	125741	5173	109287	0	114460	0	0	8911	91372	23088	3.96
FLT0	MOR0357	82901	27363	55538	4295	23068	0	27363	0	0	166211	21960	5403	4.06
FLT0	MOR0358	85701	29544	56157	4065	25479	0	29544	0	0	163411	23888	5656	4.22
FLT0	MOR0359	198248	81762	116486	6146	75616	0	81762	0	0	50864	65298	16464	3.97
FLT0	MOR0361	46108	13720	32388	2221	11499	0	13720	0	0	203004	11010	2710	4.06
FLT0	MOR0362	194158	77560	116598	5918	71642	0	77560	0	0	54954	61683	15877	3.89
FLT0	MOR0363	137009	49437	87572	5467	43970	0	49437	0	0	112103	39044	10393	3.76
FLT0	MOR0364	58914	18631	40283	3294	15337	0	18631	0	0	190198	15055	3576	4.21
FLT0	MOR0365	212052	90368	121684	7986	82382	0	90368	0	0	37060	71955	18413	3.91
FLT0	MOR0366	222080	97137	124943	6293	90844	0	97137	0	0	27032	77536	19601	3.96
FLT0	MOR0368	219864	93658	126206	6089	87569	0	93658	0	0	29248	74887	18771	3.99
FLT0	MOR0369	168481	63868	104613	6620	57248	0	63868	0	0	80631	50996	12872	3.96
FLT0	MOR0371	190670	78383	112287	7849	70534	0	78383	0	0	58442	62407	15976	3.91
FLT0	MOR0373	129069	47295	81774	6162	41133	0	47295	0	0	120043	37846	9449	4.01
FLT0	MOR0374	207420	86865	120555	6171	80694	0	86865	0	0	41692	69277	17588	3.94
FLT0	MOR0375	203014	82948	120066	5862	77086	0	82948	0	0	46098	65838	17110	3.85
FLT0	MOR0376	233494	107685	125809	8423	99262	0	107685	0	0	15618	85932	21753	3.95
FLT0	MOR0377	241809	119216	122593	4833	114383	0	119216	0	0	7303	95196	24020	3.96
FLT0	MOR0380	236137	109703	126434	5193	104510	0	109703	0	0	12975	87275	22428	3.89
FLT0	MOR0381	139042	51724	87318	4912	46812	0	51724	0	0	110070	41243	10481	3.94
FLT0	MOR0382	224094	98021	126073	5528	92493	0	98021	0	0	25018	78146	19875	3.93
FLT0	MOR0383	221357	96876	124481	7992	88884	0	96876	0	0	27755	77221	19655	3.93
FLT0	MOR0384	89738	31086	58652	4352	26734	0	31086	0	0	159374	24605	6481	3.80
FLT0	MOR0385	120306	41951	78355	5122	36829	0	41951	0	0	128806	33409	8542	3.91
FLT0	MOR0386	143541	53170	90371	5049	48121	0	53170	0	0	105571	42497	10673	3.98
FLT0	MOR0388	197441	79720	117721	6030	73690	0	79720	0	0	51671	63614	16106	3.95
FLT0	MOR0389	235580	109967	125613	5358	104609	0	109967	0	0	13532	87882	22085	3.98
FLT0	MOR0391	246142	128541	117601	4275	124266	0	128541	0	0	2970	102606	25935	3.96
FLT0	MOR0393	35248	10295	24953	1958	8337	0	10295	0	0	213864	8188	2107	3.89
FLT0	MOR0394	82046	26504	55542	3642	22862	0	26504	0	0	167066	21309	5195	4.10
FLT0	MOR0395	239751	113406	126345	5327	108079	0	113406	0	0	9361	90580	22826	3.97
FLT0	MOR0398	232817	109601	123216	6700	102901	0	109601	0	0	16295	87368	22233	3.93
FLT0	MOR0399	80054	25865	54189	3740	22125	0	25865	0	0	169058	20682	5183	3.99
FLT0	MOR0401	194379	77032	117347	7141	69891	0	77032	0	0	54733	61670	15362	4.01
FLT0	MOR0402	221042	97783	123259	5617	92166	0	97783	0	0	28070	77970	19813	3.94
FLT0	MOR0403	156388	61059	95329	7001	54058	0	61059	0	0	92724	48652	12407	3.92
FLT0	MOR0404	238900	134510	104390	6642	127868	0	134510	0	0	10212	107710	26800	4.02
FLT0	MOR0407	236455	118119	118336	8366	109753	0	118119	0	0	12657	94457	23662	3.99
FLT0	MOR0408	239641	140819	98822	3438	137381	0	140819	0	0	9471	113046	27773	4.07
FLT0	MOR0413	239176	138105	101071	5230	132875	0	138105	0	0	9936	110645	27460	4.03
FLT0	MOR0416	239641	136959	102682	3958	133001	0	136959	0	0	9471	109825	27134	4.05
FLT0	MOR0420	92098	31451	60647	4341	27110	0	31451	0	0	157014	25449	6002	4.24
FLT0	MOR0433	154089	60024	94065	5969	54055	0	60024	0	0	95023	48126	11898	4.04
FLT0	MOR0435	238811	131170	107641	7255	123915	0	131170	0	0	10301	104868	26302	3.99
FLT0	MOR0441	239235	140797	98438	5604	135193	0	140797	0	0	9877	112896	27901	4.05
FLT0	MOR0444	183117	76031	107086	8762	67269	0	76031	0	0	65995	61277	14754	4.15
FLT0	MOR0447	239174	139128	100046	5809	133319	0	139128	0	0	9938	111431	27697	4.02
FLT0	MOR0449	56708	18199	38509	3390	14809	0	18199	0	0	192404	14349	3850	3.73
FLT0	MOR0454	239626	135777	103849	3821	131956	0	135777	0	0	9486	108775	27002	4.03
FLT0	MOR0458	220686	100558	120128	9007	91551	0	100558	0	0	28426	80103	20455	3.92
FLT0	MOR0460	229829	111925	117904	7210	104715	0	111925	0	0	19283	89588	22337	4.01
FLT0	MOR0464	238676	132017	106659	5947	126070	0	132017	0	0	10436	105487	26530	3.98
FLT0	MOR0466	144531	55018	89513	6116	48902	0	55018	0	0	104581	43904	11114	3.95
FLT0	MOR0474	68289	22882	45407	4532	18350	0	22882	0	0	180823	18114	4768	3.80
FLT0	MOR0484	213760	95296	118464	8357	86939	0	95296	0	0	35352	76498	18798	4.07
FLT0	MOR0485	238300	126606	111694	7445	119161	0	126606	0	0	10812	101254	25352	3.99
FLT0	MOR0492	205702	87009	118693	6661	80348	0	87009	0	0	43410	69435	17574	3.95
FLT0	MOR0494	239508	138937	100571	3589	135348	0	138937	0	0	9604	111261	27676	4.02
FLT0	MOR0495	208108	88673	119435	7050	81623	0	88673	0	0	41004	70587	18086	3.90
FLT0	MOR0504	196774	82671	114103	5281	77390	0	82671	0	0	52338	65751	16920	3.89
FLT0	MOR0505	197471	78427	119044	6794	71633	0	78427	0	0	51641	62632	15795	3.97
FLT0	MOR0506	235736	107596	128140	5550	102046	0	107596	0	0	13376	85510	22086	3.87
FLT0	MOR0508	197220	81000	116220	5771	75229	0	81000	0	0	51892	64605	16395	3.94
FLT0	MOR0510	197354	82410	114944	5470	76940	0	82410	0	0	51758	65678	16732	3.93
FLT0	MOR0511	230633	102696	127937	5744	96952	0	102696	0	0	18479	81870	20826	3.93
FLT0	MOR0512	228736	101760	126976	5820	95940	0	101760	0	0	20376	81008	20752	3.90
FLT0	MOR0513	201288	86724	114564	5441	81283	0	86724	0	0	47824	69104	17620	3.92
FLT0	MOR0515	210799	90588	120211	6089	84499	0	90588	0	0	38313	72282	18306	3.95
FLT0	MOR0517	242573	118670	123903	5198	113472	0	118670	0	0	6539	94865	23805	3.99
FLT0	MOR0518	217327	99609	117718	5047	94562	0	99609	0	0	31785	79138	20471	3.87
FLT0	MOR0519	72675	25365	47310	2617	22748	0	25365	0	0	176437	20335	5030	4.04
FLT0	MOR0522	126751	48654	78097	4733	43921	0	48654	0	0	122361	38972	9682	4.03
FLT0	MOR0523	236451	117180	119271	4575	112605	0	117180	0	0	12661	93228	23952	3.89
FLT0	MOR0524	208545	88257	120288	5719	82538	0	88257	0	0	40567	70125	18132	3.87
FLT0	MOR0525	206430	86989	119441	5536	81453	0	86989	0	0	42682	69455	17534	3.96
FLT0	MOR0526	228417	102057	126360	5548	96509	0	102057	0	0	20695	81357	20700	3.93
FLT0	MOR0527	221746	96925	124821	5589	91336	0	96925	0	0	27366	77054	19871	3.88
FLT0	MOR0528	112757	43865	68892	4466	39399	0	43865	0	0	136355	35242	8623	4.09
FLT0	MOR0529	205575	87502	118073	5525	81977	0	87502	0	0	43537	69632	17870	3.90
FLT0	MOR0530	104107	39126	64981	4429	34697	0	39126	0	0	145005	31331	7795	4.02
FLT0	MOR0531	229793	103538	126255	5862	97676	0	103538	0	0	19319	82712	20826	3.97
FLT0	MOR0532	183254	75919	107335	5139	70780	0	75919	0	0	65858	60959	14960	4.07
FLT0	MOR0534	111967	42699	69268	4512	38187	0	42699	0	0	137145	34145	8554	3.99
FLT0	MOR0535	213048	99107	113941	4682	94425	0	99107	0	0	36064	78556	20551	3.82
FLT0	MOR0536	221861	103133	118728	4872	98261	0	103133	0	0	27251	81702	21431	3.81
FLT0	MOR0538	216546	96310	120236	5296	91014	0	96310	0	0	32566	76540	19770	3.87
FLT0	MOR0541	225140	100505	124635	5354	95151	0	100505	0	0	23972	80100	20405	3.93
FLT0	MOR0542	164988	67339	97649	6228	61111	0	67339	0	0	84124	53449	13890	3.85
FLT0	MOR0544	233955	110006	123949	5184	104822	0	110006	0	0	15157	87718	22288	3.94
FLT0	MOR0546	118013	43851	74162	3916	39935	0	43851	0	0	131099	35319	8532	4.14
FLT0	MOR0549	228210	101668	126542	5684	95984	0	101668	0	0	20902	80771	20897	3.87
FLT0	MOR0552	77005	28253	48752	3153	25100	0	28253	0	0	172107	22375	5878	3.81
FLT0	MOR0553	181997	74021	107976	5355	68666	0	74021	0	0	67115	58779	15242	3.86
FLT0	MOR0554	155233	60701	94532	4790	55911	0	60701	0	0	93879	48255	12446	3.88
FLT0	MOR0555	235927	111026	124901	5442	105584	0	111026	0	0	13185	88668	22358	3.97
FLT0	MOR0558	110487	41684	68803	3507	38177	0	41684	0	0	138625	33359	8325	4.01
FLT0	MOR0560	152636	61469	91167	4619	56850	0	61469	0	0	96476	49188	12281	4.01
FLT0	MOR0561	143247	56974	86273	4329	52645	0	56974	0	0	105865	45222	11752	3.85
FLT0	MOR0562	216112	95855	120257	5176	90679	0	95855	0	0	33000	76507	19348	3.95
FLT0	MOR0567	108995	40022	68973	3984	36038	0	40022	0	0	140117	31980	8042	3.98
FLT0	MOR0569	34435	11232	23203	1669	9563	0	11232	0	0	214677	8941	2291	3.90
FLT0	MOR0570	89749	32242	57507	3112	29130	0	32242	0	0	159363	25374	6868	3.69
FLT0	MOR0571	224771	100380	124391	5659	94721	0	100380	0	0	24341	79934	20446	3.91
FLT0	MOR0572	242619	119348	123271	4472	114876	0	119348	0	0	6493	95171	24177	3.94
FLT0	MOR0573	171166	68722	102444	5003	63719	0	68722	0	0	77946	54610	14112	3.87
FLT0	MOR0574	209716	88795	120921	5762	83033	0	88795	0	0	39396	71103	17692	4.02
FLT0	MOR0578	240833	115463	125370	4841	110622	0	115463	0	0	8279	92007	23456	3.92
FLT0	MOR0579	128035	50025	78010	3855	46170	0	50025	0	0	121077	39672	10353	3.83
FLT0	MOR0580	231669	105939	125730	7583	98356	0	105939	0	0	17443	84418	21521	3.92
FLT0	MOR0582	241744	115499	126245	4963	110536	0	115499	0	0	7368	92001	23498	3.92
FLT0	MOR0583	232378	107228	125150	5199	102029	0	107228	0	0	16734	85391	21837	3.91
FLT0	MOR0584	174829	72823	102006	6293	66530	0	72823	0	0	74283	57938	14885	3.89
FLT0	MOR0587	241131	114306	126825	5639	108667	0	114306	0	0	7981	91609	22697	4.04
FLT0	MOR0588	119803	44683	75120	3874	40809	0	44683	0	0	129309	35579	9104	3.91
FLT0	MOR0589	239023	112156	126867	5318	106838	0	112156	0	0	10089	89146	23010	3.87
FLT0	MOR0591	241903	116058	125845	5015	111043	0	116058	0	0	7209	92484	23574	3.92
FLT0	MOR0592	110387	40696	69691	3824	36872	0	40696	0	0	138725	31912	8784	3.63
FLT0	MOR0593	193103	87132	105971	4656	82476	0	87132	0	0	56009	68607	18525	3.70
FLT0	MOR0594	94206	35145	59061	3933	31212	0	35145	0	0	154906	28026	7119	3.94
FLT0	MOR0595	240873	116014	124859	5032	110982	0	116014	0	0	8239	92519	23495	3.94
FLT0	MOR0596	72028	24354	47674	2651	21703	0	24354	0	0	177084	19772	4582	4.32
FLT0	MOR0597	228442	104360	124082	7798	96562	0	104360	0	0	20670	83260	21100	3.95
FLT0	MOR0598	227046	110307	116739	5489	104818	0	110307	0	0	22066	87997	22310	3.94
FLT0	MOR0599	209435	92567	116868	4880	87687	0	92567	0	0	39677	73752	18815	3.92
FLT0	MOR0600	121988	47358	74630	3603	43755	0	47358	0	0	127124	37671	9687	3.89
FLT0	MOR0602	128989	49704	79285	3871	45833	0	49704	0	0	120123	40012	9692	4.13
FLT0	MOR0604	60853	21171	39682	2068	19103	0	21171	0	0	188259	16937	4234	4.00
FLT0	MOR0605	75937	27644	48293	2705	24939	0	27644	0	0	173175	21960	5684	3.86
FLT0	MOR0606	232679	103313	129366	5918	97395	0	103313	0	0	16433	82605	20708	3.99
FLT0	MOR0607	47494	15470	32024	2551	12919	0	15470	0	0	201618	12262	3208	3.82
FLT0	MOR0608	134000	50403	83597	4610	45793	0	50403	0	0	115112	40030	10373	3.86
FLT0	MOR0612	230415	103938	126477	5541	98397	0	103938	0	0	18697	83122	20816	3.99
FLT0	MOR0614	244268	120506	123762	5343	115163	0	120506	0	0	4844	96285	24221	3.98
FLT0	MOR0615	89387	33289	56098	2981	30308	0	33289	0	0	159725	26312	6977	3.77
FLT0	MOR0616	213646	94231	119415	6331	87900	0	94231	0	0	35466	75671	18560	4.08
FLT0	MOR0617	185095	74818	110277	5627	69191	0	74818	0	0	64017	59811	15007	3.99
FLT0	MOR0618	71088	24952	46136	2432	22520	0	24952	0	0	178024	20087	4865	4.13
FLT0	MOR0619	228900	109848	119052	5208	104640	0	109848	0	0	20212	87568	22280	3.93
FLT0	MOR0621	227558	100664	126894	5886	94778	0	100664	0	0	21554	80512	20152	4.00
FLT0	MOR0622	216654	91722	124932	5885	85837	0	91722	0	0	32458	72931	18791	3.88
FLT0	MOR0623	199925	85161	114764	5859	79302	0	85161	0	0	49187	68340	16821	4.06
FLT0	MOR0624	38119	12372	25747	1729	10643	0	12372	0	0	210993	9934	2438	4.07
FLT0	MOR0625	173230	73710	99520	4491	69219	0	73710	0	0	75882	58244	15466	3.77
FLT0	MOR0629	28703	9975	18728	1446	8529	0	9975	0	0	220409	7317	2658	2.75
FLT0	MOR0630	120398	44345	76053	4372	39973	0	44345	0	0	128714	35169	9176	3.83
FLT0	MOR0632	157801	61744	96057	4813	56931	0	61744	0	0	91311	49089	12655	3.88
FLT0	MOR0633	74035	27783	46252	2261	25522	0	27783	0	0	175077	22414	5369	4.17
FLT0	MOR0635	240657	114453	126204	5429	109024	0	114453	0	0	8455	91405	23048	3.97
FLT0	MOR0636	203909	86328	117581	5738	80590	0	86328	0	0	45203	69667	16661	4.18
FLT0	MOR0637	198353	91385	106968	4129	87256	0	91385	0	0	50759	72370	19015	3.81
FLT0	MOR0638	86838	31861	54977	2886	28975	0	31861	0	0	162274	25456	6405	3.97
FLT0	MOR0639	210390	93567	116823	7337	86230	0	93567	0	0	38722	74559	19008	3.92
FLT0	MOR0640	171381	69489	101892	4921	64568	0	69489	0	0	77731	55389	14100	3.93
FLT0	MOR0641	242481	118749	123732	5392	113357	0	118749	0	0	6631	94686	24063	3.93
FLT0	MOR0642	28399	8992	19407	1059	7933	0	8992	0	0	220713	7230	1762	4.10
FLT0	MOR0643	59112	20526	38586	2186	18340	0	20526	0	0	190000	16338	4188	3.90
FLT0	MOR0648	167873	68900	98973	4644	64256	0	68900	0	0	81239	55569	13331	4.17
FLT0	MOR0649	191718	80262	111456	5613	74649	0	80262	0	0	57394	64105	16157	3.97
FLT0	MOR0650	241566	112956	128610	5743	107213	0	112956	0	0	7546	90247	22709	3.97
FLT0	MOR0651	207782	94217	113565	3907	90310	0	94217	0	0	41330	75431	18786	4.02
FLT0	MOR0653	177362	72119	105243	5354	66765	0	72119	0	0	71750	57302	14817	3.87
FLT0	MOR0658	101354	37963	63391	3193	34770	0	37963	0	0	147758	30249	7714	3.92
FLT0	MOR0659	81423	29301	52122	2678	26623	0	29301	0	0	167689	23674	5627	4.21
FLT0	MOR0660	198068	86594	111474	4948	81646	0	86594	0	0	51044	69543	17051	4.08
FLT0	MOR0661	230791	105228	125563	5150	100078	0	105228	0	0	18321	83638	21590	3.87
FLT0	MOR0663	223788	100274	123514	5698	94576	0	100274	0	0	25324	79702	20572	3.87
FLT0	MOR0664	80987	28757	52230	2873	25884	0	28757	0	0	168125	23025	5732	4.02
FLT0	MOR0665	208435	91040	117395	5608	85432	0	91040	0	0	40677	72616	18424	3.94
FLT0	MOR0666	236990	110371	126619	5254	105117	0	110371	0	0	12122	88067	22304	3.95
FLT0	MOR0669	232575	104612	127963	6834	97778	0	104612	0	0	16537	83626	20986	3.98
FLT0	MOR0670	238279	113049	125230	5650	107399	0	113049	0	0	10833	90071	22978	3.92
FLT0	MOR0671	209385	87412	121973	6010	81402	0	87412	0	0	39727	69487	17925	3.88
FLT0	MOR0672	127488	50210	77278	4051	46159	0	50210	0	0	121624	40686	9524	4.27
FLT0	MOR0674	238372	111342	127030	5207	106135	0	111342	0	0	10740	88913	22429	3.96
FLT0	MOR0675	41999	14053	27946	1787	12266	0	14053	0	0	207113	11087	2966	3.74
FLT0	MOR0676	205469	87176	118293	6221	80955	0	87176	0	0	43643	69512	17664	3.94
FLT0	MOR0677	37322	12542	24780	1419	11123	0	12542	0	0	211790	10166	2376	4.28
FLT0	MOR0678	208741	90055	118686	5643	84412	0	90055	0	0	40371	72230	17825	4.05
FLT0	MOR0679	112554	41673	70881	4148	37525	0	41673	0	0	136558	32882	8791	3.74
FLT0	MOR0680	81113	29438	51675	2625	26813	0	29438	0	0	167999	23275	6163	3.78
FLT0	MOR0681	234821	108243	126578	5448	102795	0	108243	0	0	14291	86290	21953	3.93
FLT0	MOR0682	223568	101074	122494	6005	95069	0	101074	0	0	25544	80822	20252	3.99
FLT0	MOR0683	181699	71618	110081	5552	66066	0	71618	0	0	67413	57458	14160	4.06
FLT0	MOR0684	237316	108895	128421	5463	103432	0	108895	0	0	11796	86927	21968	3.96
FLT0	MOR0685	87476	32466	55010	2918	29548	0	32466	0	0	161636	26454	6012	4.40
FLT0	MOR0687	217454	92828	124626	5921	86907	0	92828	0	0	31658	74111	18717	3.96
FLT0	MOR0688	110341	41365	68976	3631	37734	0	41365	0	0	138771	33324	8041	4.14
FLT0	MOR0689	135182	53018	82164	4327	48691	0	53018	0	0	113930	42677	10341	4.13
FLT0	MOR0690	195898	81254	114644	5482	75772	0	81254	0	0	53214	64672	16582	3.90
FLT0	MOR0691	96164	36019	60145	3259	32760	0	36019	0	0	152948	28950	7069	4.10
FLT0	MOR0693	238946	109263	129683	6661	102602	0	109263	0	0	10166	87297	21966	3.97
FLT0	MOR0694	229096	103455	125641	5587	97868	0	103455	0	0	20016	82555	20900	3.95
FLT0	MOR0695	90150	33437	56713	3675	29762	0	33437	0	0	158962	26909	6528	4.12
FLT0	MOR0696	118417	45542	72875	3868	41674	0	45542	0	0	130695	37101	8441	4.40
FLT0	MOR0697	244181	126172	118009	7259	118913	0	126172	0	0	4931	100758	25414	3.96
FLT0	MOR0698	104815	39248	65567	3415	35833	0	39248	0	0	144297	31518	7730	4.08
FLT0	MOR0699	230516	102770	127746	5761	97009	0	102770	0	0	18596	81972	20798	3.94
FLT0	MOR0700	236315	110200	126115	5467	104733	0	110200	0	0	12797	88171	22029	4.00
FLT0	MOR0702	37419	11493	25926	1929	9564	0	11493	0	0	211693	9023	2470	3.65
FLT0	MOR0703	245137	117660	127477	5900	111760	0	117660	0	0	3975	94077	23583	3.99
FLT0	MOR0706	243800	116301	127499	5157	111144	0	116301	0	0	5312	92674	23627	3.92
FLT0	MOR0707	246826	123606	123220	5300	118306	0	123606	0	0	2286	98826	24780	3.99
FLT0	MOR0708	233234	104375	128859	6617	97758	0	104375	0	0	15878	83466	20909	3.99
FLT0	MOR0709	39267	11589	27678	2520	9069	0	11589	0	0	209845	9315	2274	4.10
FLT0	MOR0710	229135	101357	127778	6526	94831	0	101357	0	0	19977	81144	20213	4.01
FLT0	MOR0711	178017	71982	106035	5785	66197	0	71982	0	0	71095	58149	13833	4.20
FLT0	MOR0712	74935	26307	48628	3341	22966	0	26307	0	0	174177	20395	5912	3.45
FLT0	MOR0714	234829	108877	125952	5759	103118	0	108877	0	0	14283	86758	22119	3.92
FLT0	MOR0715	172528	67270	105258	5720	61550	0	67270	0	0	76584	54040	13230	4.08
FLT0	MOR0716	56491	18931	37560	2697	16234	0	18931	0	0	192621	15210	3721	4.09
FLT0	MOR0717	36821	11592	25229	1829	9763	0	11592	0	0	212291	9278	2314	4.01
FLT0	MOR0718	180810	71528	109282	6098	65430	0	71528	0	0	68302	57379	14149	4.06
FLT0	MOR0719	237863	107845	130018	5962	101883	0	107845	0	0	11249	86127	21718	3.97
FLT0	MOR0720	97455	34110	63345	3890	30220	0	34110	0	0	151657	27161	6949	3.91
FLT0	MOR0721	29105	8346	20759	1514	6832	0	8346	0	0	220007	6783	1563	4.34
FLT0	MOR0725	243873	119409	124464	5543	113866	0	119409	0	0	5239	95385	24024	3.97
FLT0	MOR0726	38473	11900	26573	2037	9863	0	11900	0	0	210639	9473	2427	3.90
FLT0	MOR0727	234363	103267	131096	6540	96727	0	103267	0	0	14749	82278	20989	3.92
FLT0	MOR0728	216530	94912	121618	8849	86063	0	94912	0	0	32582	75772	19140	3.96
FLT0	MOR0729	241058	112532	128526	5866	106666	0	112532	0	0	8054	90018	22514	4.00
FLT0	MOR0730	225437	99075	126362	6317	92758	0	99075	0	0	23675	79569	19506	4.08
FLT0	MOR0731	223803	95587	128216	6575	89012	0	95587	0	0	25309	76306	19281	3.96
FLT0	MOR0732	104585	37375	67210	3931	33444	0	37375	0	0	144527	30074	7301	4.12
FLT0	MOR0733	53130	16505	36625	2711	13794	0	16505	0	0	195982	13207	3298	4.00
FLT0	MOR0734	163910	63328	100582	5572	57756	0	63328	0	0	85202	50860	12468	4.08
FLT0	MOR0739	231388	103836	127552	6279	97557	0	103836	0	0	17724	82645	21191	3.90
FLT0	MOR0740	133561	48056	85505	5323	42733	0	48056	0	0	115551	38428	9628	3.99
FLT0	MOR0741	224946	100368	124578	6190	94178	0	100368	0	0	24166	80196	20172	3.98
FLT0	MOR0742	163030	65796	97234	5290	60506	0	65796	0	0	86082	52872	12924	4.09
FLT0	MOR0743	229448	101758	127690	6103	95655	0	101758	0	0	19664	81575	20183	4.04
FLT0	MOR0744	92330	32215	60115	3636	28579	0	32215	0	0	156782	25681	6534	3.93
FLT0	MOR0745	134387	51430	82957	4601	46829	0	51430	0	0	114725	41247	10183	4.05
FLT0	MOR0746	224931	96158	128773	6665	89493	0	96158	0	0	24181	77073	19085	4.04
FLT0	MOR0749	222143	96474	125669	6203	90271	0	96474	0	0	26969	77344	19130	4.04
FLT0	MOR0750	231019	105327	125692	6000	99327	0	105327	0	0	18093	84298	21029	4.01
FLT0	MOR0751	220667	93970	126697	6412	87558	0	93970	0	0	28445	75030	18940	3.96
FLT0	MOR0752	217270	93839	123431	6404	87435	0	93839	0	0	31842	74909	18930	3.96
FLT0	MOR0753	35796	11076	24720	1811	9265	0	11076	0	0	213316	8693	2383	3.65
FLT0	MOR0754	234239	106302	127937	6281	100021	0	106302	0	0	14873	85031	21271	4.00
FLT0	MOR0755	179579	72911	106668	5583	67328	0	72911	0	0	69533	58176	14735	3.95
FLT0	MOR0757	197068	83079	113989	5770	77309	0	83079	0	0	52044	66282	16797	3.95
FLT0	MOR0758	138906	54762	84144	5890	48872	0	54762	0	0	110206	44114	10648	4.14
FLT0	MOR0759	232977	103894	129083	6144	97750	0	103894	0	0	16135	82956	20938	3.96
FLT0	MOR0760	171250	67212	104038	6029	61183	0	67212	0	0	77862	54006	13206	4.09
FLT0	MOR0761	241900	117120	124780	5351	111769	0	117120	0	0	7212	93690	23430	4.00
FLT0	MOR0762	107990	39290	68700	4142	35148	0	39290	0	0	141122	31232	8058	3.88
FLT0	MOR0763	241288	115086	126202	5920	109166	0	115086	0	0	7824	91554	23532	3.89
FLT0	MOR0764	67686	23600	44086	2888	20712	0	23600	0	0	181426	18534	5066	3.66
FLT0	MOR0767	223062	95994	127068	6556	89438	0	95994	0	0	26050	76885	19109	4.02
FLT0	MOR0770	66906	21007	45899	3343	17664	0	21007	0	0	182206	16814	4193	4.01
FLT0	MOR0771	104587	39098	65489	4432	34666	0	39098	0	0	144525	31308	7790	4.02
FLT0	MOR0772	221711	95151	126560	6362	88789	0	95151	0	0	27401	75993	19158	3.97
FLT0	MOR0773	232511	103445	129066	6151	97294	0	103445	0	0	16601	82467	20978	3.93
FLT0	MOR0774	75857	25685	50172	3358	22327	0	25685	0	0	173255	20501	5184	3.95
FLT0	MOR0775	194302	82268	112034	5736	76532	0	82268	0	0	54810	65806	16462	4.00
FLT0	MOR0777	245281	121900	123381	8343	113557	0	121900	0	0	3831	97417	24483	3.98
FLT0	MOR0778	239737	109880	129857	6125	103755	0	109880	0	0	9375	87830	22050	3.98
FLT0	MOR0779	245325	124421	120904	7450	116971	0	124421	0	0	3787	99296	25125	3.95
FLT0	MOR0780	220682	94658	126024	6293	88365	0	94658	0	0	28430	75604	19054	3.97
FLT0	MOR0782	237590	111463	126127	6167	105296	0	111463	0	0	11522	88851	22612	3.93
FLT0	MOR0784	235651	105942	129709	6084	99858	0	105942	0	0	13461	84598	21344	3.96
FLT0	MOR0785	99126	37699	61427	4866	32833	0	37699	0	0	149986	29151	8548	3.41
FLT0	MOR0786	136756	51370	85386	4918	46452	0	51370	0	0	112356	41225	10145	4.06
FLT0	MOR0787	168247	66529	101718	6119	60410	0	66529	0	0	80865	53022	13507	3.93
FLT0	MOR0788	240104	111096	129008	5817	105279	0	111096	0	0	9008	88784	22312	3.98
FLT0	MOR0789	200950	80807	120143	6309	74498	0	80807	0	0	48162	65039	15768	4.12
FLT0	MOR0790	247074	129004	118070	4798	124206	0	129004	0	0	2038	103266	25738	4.01
FLT0	MOR0791	235476	103727	131749	6328	97399	0	103727	0	0	13636	82915	20812	3.98
FLT0	MOR0792	240751	115256	125495	5233	110023	0	115256	0	0	8361	92116	23140	3.98
FLT0	MOR0793	214649	89287	125362	6630	82657	0	89287	0	0	34463	71227	18060	3.94
FLT0	MOR0794	233919	105097	128822	6416	98681	0	105097	0	0	15193	84018	21079	3.99
FLT0	MOR0795	229160	99893	129267	6621	93272	0	99893	0	0	19952	79844	20049	3.98
FLT0	MOR0796	243918	117539	126379	5364	112175	0	117539	0	0	5194	93994	23545	3.99
FLT0	MOR0798	228057	97282	130775	6810	90472	0	97282	0	0	21055	78077	19205	4.07
FLT0	MOR0799	239276	109223	130053	5944	103279	0	109223	0	0	9836	87282	21941	3.98
FLT0	MOR0802	116171	41749	74422	4910	36839	0	41749	0	0	132941	33301	8448	3.94
FLT0	MOR0803	141168	51095	90073	5368	45727	0	51095	0	0	107944	40622	10473	3.88
FLT0	MOR0804	211011	89734	121277	9049	80685	0	89734	0	0	38101	72001	17733	4.06
FLT0	MOR0805	242196	112303	129893	5893	106410	0	112303	0	0	6916	89844	22459	4.00
FLT0	MOR0806	174435	70092	104343	5494	64598	0	70092	0	0	74677	56417	13675	4.13
FLT0	MOR0808	239633	110179	129454	6135	104044	0	110179	0	0	9479	87980	22199	3.96
FLT0	MOR0809	76857	24825	52032	3472	21353	0	24825	0	0	172255	19893	4932	4.03
FLT0	MOR0812	51150	14695	36455	3123	11572	0	14695	0	0	197962	11841	2854	4.15
FLT0	MOR0813	109051	39021	70030	4149	34872	0	39021	0	0	140061	31206	7815	3.99
FLT0	MOR0814	246817	124159	122658	4948	119211	0	124159	0	0	2295	99439	24720	4.02
FLT0	MOR0815	193010	79567	113443	5731	73836	0	79567	0	0	56102	63513	16054	3.96
FLT0	MOR0817	191884	77525	114359	6287	71238	0	77525	0	0	57228	62146	15379	4.04
FLT0	MOR0818	228128	101246	126882	5863	95383	0	101246	0	0	20984	80908	20338	3.98
FLT0	MOR0819	242220	113083	129137	5569	107514	0	113083	0	0	6892	90355	22728	3.98
FLT0	MOR0820	72782	24782	48000	2959	21823	0	24782	0	0	176330	20127	4655	4.32
FLT0	MOR0822	162889	62078	100811	6030	56048	0	62078	0	0	86223	49955	12123	4.12
FLT0	MOR0825	84812	29747	55065	3753	25994	0	29747	0	0	164300	23906	5841	4.09
FLT0	MOR0826	150948	58669	92279	5131	53538	0	58669	0	0	98164	47091	11578	4.07
FLT0	MOR0827	244198	117152	127046	5693	111459	0	117152	0	0	4914	93541	23611	3.96
FLT0	MOR0828	229122	103042	126080	6572	96470	0	103042	0	0	19990	82565	20477	4.03
FLT0	MOR0829	186760	74606	112154	5961	68645	0	74606	0	0	62352	60042	14564	4.12
FLT0	MOR0830	80532	27260	53272	3422	23838	0	27260	0	0	168580	21939	5321	4.12
FLT0	MOR0831	225814	96213	129601	6802	89411	0	96213	0	0	23298	76660	19553	3.92
FLT0	MOR0832	231190	103353	127837	5881	97472	0	103353	0	0	17922	82413	20940	3.94
FLT0	MOR0833	201968	84519	117449	6123	78396	0	84519	0	0	47144	67443	17076	3.95
FLT0	MOR0834	239353	105879	133474	7576	98303	0	105879	0	0	9759	84578	21301	3.97
FLT0	MOR0835	191175	80088	111087	5857	74231	0	80088	0	0	57937	64164	15924	4.03
FLT0	MOR0836	236887	115052	121835	7367	107685	0	115052	0	0	12225	91676	23376	3.92
FLT0	MOR0837	188372	78667	109705	7691	70976	0	78667	0	0	60740	63018	15649	4.03
FLT0	MOR0838	206515	87508	119007	6143	81365	0	87508	0	0	42597	70140	17368	4.04
FLT0	MOR0839	101161	35479	65682	4011	31468	0	35479	0	0	147951	28596	6883	4.15
FLT0	MOR0840	205018	88882	116136	8024	80858	0	88882	0	0	44094	71367	17515	4.07
FLT0	MOR0841	135213	49701	85512	5026	44675	0	49701	0	0	113899	40396	9305	4.34
FLT0	MOR0842	78494	25924	52570	3690	22234	0	25924	0	0	170618	21014	4910	4.28
FLT0	MOR0843	149494	56429	93065	5642	50787	0	56429	0	0	99618	44800	11629	3.85
FLT0	MOR0845	34327	10149	24178	2003	8146	0	10149	0	0	214785	7924	2225	3.56
FLT0	MOR0846	221219	95945	125274	5967	89978	0	95945	0	0	27893	76462	19483	3.92
FLT0	MOR0847	207991	89999	117992	6059	83940	0	89999	0	0	41121	71896	18103	3.97
FLT0	MOR0849	37264	11460	25804	1772	9688	0	11460	0	0	211848	9374	2086	4.49
FLT0	MOR0850	225704	98424	127280	6151	92273	0	98424	0	0	23408	78872	19552	4.03
FLT0	MOR0852	237202	111928	125274	8297	103631	0	111928	0	0	11910	89171	22757	3.92
FLT0	MOR0853	216612	89927	126685	6487	83440	0	89927	0	0	32500	72320	17607	4.11
FLT0	MOR0854	239327	110845	128482	6417	104428	0	110845	0	0	9785	88651	22194	3.99
FLT0	MOR0856	140600	55645	84955	6520	49125	0	55645	0	0	108512	43578	12067	3.61
FLT0	MOR0857	244837	119031	125806	5849	113182	0	119031	0	0	4275	95247	23784	4.00
FLT0	MOR0858	59901	20106	39795	2740	17366	0	20106	0	0	189211	15826	4280	3.70
FLT0	MOR0859	159482	61702	97780	5619	56083	0	61702	0	0	89630	49238	12464	3.95
FLT0	MOR0860	209525	91503	118022	5904	85599	0	91503	0	0	39587	73144	18359	3.98
FLT0	MOR0861	181509	71335	110174	6208	65127	0	71335	0	0	67603	57001	14334	3.98
FLT0	MOR0862	161117	62516	98601	5523	56993	0	62516	0	0	87995	50009	12507	4.00
FLT0	MOR0863	236610	108616	127994	6242	102374	0	108616	0	0	12502	86873	21743	4.00
FLT0	MOR0865	234648	107054	127594	10255	96799	0	107054	0	0	14464	85339	21715	3.93
FLT0	MOR0866	133287	46103	87184	5257	40846	0	46103	0	0	115825	36785	9318	3.95
FLT0	MOR0867	225781	99164	126617	6299	92865	0	99164	0	0	23331	79390	19774	4.01
FLT0	MOR0868	240035	112219	127816	6078	106141	0	112219	0	0	9077	89616	22603	3.96
FLT0	MOR0870	217421	91705	125716	6383	85322	0	91705	0	0	31691	73153	18552	3.94
FLT0	MOR0872	240829	112334	128495	5853	106481	0	112334	0	0	8283	89774	22560	3.98
FLT0	MOR0873	33681	9915	23766	1794	8121	0	9915	0	0	215431	8071	1844	4.38
FLT0	MOR0874	216411	94074	122337	6206	87868	0	94074	0	0	32701	75288	18786	4.01
FLT0	MOR0875	209523	87796	121727	6258	81538	0	87796	0	0	39589	70134	17662	3.97
FLT0	MOR0876	232892	104010	128882	6186	97824	0	104010	0	0	16220	82965	21045	3.94
FLT0	MOR0877	245818	120619	125199	5365	115254	0	120619	0	0	3294	96580	24039	4.02
FLT0	MOR0878	182923	70969	111954	6075	64894	0	70969	0	0	66189	56550	14419	3.92
FLT0	MOR0879	227607	98599	129008	6226	92373	0	98599	0	0	21505	78702	19897	3.96
FLT0	MOR0880	41344	12104	29240	2293	9811	0	12104	0	0	207768	9589	2515	3.81
FLT0	MOR0881	214149	91081	123068	6726	84355	0	91081	0	0	34963	72996	18085	4.04
FLT0	MOR0882	31245	9726	21519	1602	8124	0	9726	0	0	217867	7620	2106	3.62
FLT0	MOR0883	55266	18251	37015	2568	15683	0	18251	0	0	193846	14742	3509	4.20
FLT0	MOR0884	247067	132882	114185	4211	128671	0	132882	0	0	2045	106313	26569	4.00
FLT0	MOR0885	128622	49205	79417	4784	44421	0	49205	0	0	120490	39392	9813	4.01
FLT0	MOR0886	129899	48809	81090	4987	43822	0	48809	0	0	119213	38645	10164	3.80
FLT0	MOR0887	98099	34052	64047	4071	29981	0	34052	0	0	151013	27227	6825	3.99
FLT0	MOR0889	234994	107295	127699	6210	101085	0	107295	0	0	14118	85424	21871	3.91
FLT0	MOR0890	224472	99859	124613	6046	93813	0	99859	0	0	24640	79739	20120	3.96
FLT0	MOR0891	204581	84045	120536	6344	77701	0	84045	0	0	44531	67370	16675	4.04
FLT0	MOR0892	184347	74694	109653	5893	68801	0	74694	0	0	64765	59988	14706	4.08
FLT0	MOR0893	107165	38556	68609	4098	34458	0	38556	0	0	141947	30840	7716	4.00
FLT0	MOR0894	232677	103525	129152	6000	97525	0	103525	0	0	16435	82855	20670	4.01
FLT0	MOR0895	198798	79830	118968	6371	73459	0	79830	0	0	50314	64208	15622	4.11
FLT0	MOR0896	190292	74549	115743	6265	68284	0	74549	0	0	58820	59490	15059	3.95
FLT0	MOR0897	184257	73053	111204	6052	67001	0	73053	0	0	64855	58786	14267	4.12
FLT0	MOR0898	207408	84167	123241	6554	77613	0	84167	0	0	41704	67358	16809	4.01
FLT0	MOR0899	234068	102514	131554	6164	96350	0	102514	0	0	15044	82071	20443	4.01
FLT0	MOR0900	74320	25791	48529	3203	22588	0	25791	0	0	174792	20875	4916	4.25
FLT0	MOR0901	65783	22851	42932	2545	20306	0	22851	0	0	183329	18461	4390	4.21
FLT0	MOR0903	21704	6445	15259	1267	5178	0	6445	0	0	227408	5179	1266	4.09
FLT0	MOR0904	27537	8534	19003	1483	7051	0	8534	0	0	221575	6668	1866	3.57
FLT0	MOR0905	98703	35283	63420	3772	31511	0	35283	0	0	150409	28355	6928	4.09
FLT0	MOR0906	103530	38118	65412	3718	34400	0	38118	0	0	145582	30876	7242	4.26
FLT0	MOR0907	151214	56247	94967	5633	50614	0	56247	0	0	97898	45257	10990	4.12
FLT0	MOR0909	139100	51597	87503	5167	46430	0	51597	0	0	110012	41538	10059	4.13
FLT0	MOR0910	238516	106445	132071	6143	100302	0	106445	0	0	10596	85378	21067	4.05
FLT0	MOR0911	137294	51826	85468	4814	47012	0	51826	0	0	111818	41703	10123	4.12
FLT0	MOR0913	156210	61609	94601	5187	56422	0	61609	0	0	92902	49405	12204	4.05
FLT0	MOR0914	92569	31195	61374	4020	27175	0	31195	0	0	156543	25173	6022	4.18
FLT0	MOR0915	203230	85930	117300	5674	80256	0	85930	0	0	45882	68708	17222	3.99
FLT0	MOR0916	199948	81159	118789	6308	74851	0	81159	0	0	49164	65234	15925	4.10
FLT0	MOR0917	190005	77034	112971	6082	70952	0	77034	0	0	59107	61921	15113	4.10
FLT0	MOR0918	156080	58821	97259	5442	53379	0	58821	0	0	93032	47382	11439	4.14
FLT0	MOR0919	196017	79379	116638	6388	72991	0	79379	0	0	53095	64064	15315	4.18
FLT0	MOR0920	223344	97566	125778	6196	91370	0	97566	0	0	25768	78222	19344	4.04
FLT0	MOR0921	174382	69667	104715	5688	63979	0	69667	0	0	74730	56150	13517	4.15
FLT0	MOR0922	152171	57802	94369	5373	52429	0	57802	0	0	96941	46872	10930	4.29
FLT0	MOR0923	214034	91632	122402	6187	85445	0	91632	0	0	35078	73651	17981	4.10
FLT0	MOR0926	36846	11011	25835	1666	9345	0	11011	0	0	212266	8980	2031	4.42
FLT0	MOR0927	139532	54439	85093	4849	49590	0	54439	0	0	109580	43550	10889	4.00
FLT0	MOR0928	177106	71492	105614	5975	65517	0	71492	0	0	72006	57024	14468	3.94
FLT0	MOR0929	245363	124016	121347	4646	119370	0	124016	0	0	3749	99113	24903	3.98
FLT0	MOR0930	52434	17532	34902	2169	15363	0	17532	0	0	196678	14050	3482	4.04
FLT0	MOR0931	162809	62897	99912	5543	57354	0	62897	0	0	86303	50510	12387	4.08
FLT0	MOR0932	213332	90435	122897	6282	84153	0	90435	0	0	35780	72454	17981	4.03
FLT0	MOR0933	79247	28147	51100	2863	25284	0	28147	0	0	169865	22916	5231	4.38
FLT0	MOR0934	226703	98102	128601	6220	91882	0	98102	0	0	22409	78495	19607	4.00
FLT0	MOR0935	195558	79555	116003	6074	73481	0	79555	0	0	53554	63978	15577	4.11
FLT0	MOR0936	182600	74418	108182	5378	69040	0	74418	0	0	66512	59723	14695	4.06
FLT0	MOR0937	34862	10380	24482	1595	8785	0	10380	0	0	214250	8450	1930	4.38
FLT0	MOR0938	188429	77027	111402	6357	70670	0	77027	0	0	60683	61562	15465	3.98
FLT0	MOR0939	93569	33975	59594	3421	30554	0	33975	0	0	155543	27199	6776	4.01
FLT0	MOR0940	57056	18540	38516	2700	15840	0	18540	0	0	192056	15139	3401	4.45
FLT0	MOR0941	94243	33768	60475	3698	30070	0	33768	0	0	154869	27265	6503	4.19
FLT0	MOR0942	119944	44515	75429	4398	40117	0	44515	0	0	129168	35891	8624	4.16
FLT0	MOR0943	138235	51946	86289	4877	47069	0	51946	0	0	110877	41788	10158	4.11
FLT0	MOR0945	185519	75015	110504	5830	69185	0	75015	0	0	63593	60306	14709	4.10
FLT0	MOR0946	232818	102469	130349	6181	96288	0	102469	0	0	16294	81968	20501	4.00
FLT0	MOR0947	191399	76808	114591	6218	70590	0	76808	0	0	57713	61651	15157	4.07
FLT0	MOR0948	205693	86963	118730	6092	80871	0	86963	0	0	43419	69526	17437	3.99
FLT0	MOR0949	215371	91585	123786	6134	85451	0	91585	0	0	33741	73549	18036	4.08
FLT0	MOR0950	175671	70668	105003	5494	65174	0	70668	0	0	73441	56543	14125	4.00
FLT0	MOR0951	236036	108432	127604	5785	102647	0	108432	0	0	13076	86582	21850	3.96
FLT0	MOR0952	140402	51564	88838	5158	46406	0	51564	0	0	108710	41487	10077	4.12
FLT0	MOR0953	145771	55596	90175	5184	50412	0	55596	0	0	103341	44585	11011	4.05
FLT0	MOR0954	170578	69877	100701	5271	64606	0	69877	0	0	78534	56053	13824	4.05
FLT0	MOR0955	224754	98334	126420	6411	91923	0	98334	0	0	24358	78998	19336	4.09
FLT0	MOR0956	101389	36724	64665	3911	32813	0	36724	0	0	147723	29984	6740	4.45
FLT0	MOR0957	169790	66148	103642	5805	60343	0	66148	0	0	79322	53002	13146	4.03
FLT0	MOR0958	192420	78552	113868	6070	72482	0	78552	0	0	56692	63082	15470	4.08
FLT0	MOR0959	166394	65035	101359	5443	59592	0	65035	0	0	82718	52159	12876	4.05
FLT0	MOR0960	160082	63604	96478	5433	58171	0	63604	0	0	89030	50684	12920	3.92
FLT0	MOR0961	85319	28813	56506	3516	25297	0	28813	0	0	163793	22986	5827	3.94
FLT0	MOR0962	182658	73916	108742	5652	68264	0	73916	0	0	66454	59460	14456	4.11
FLT0	MOR0963	107518	39934	67584	3895	36039	0	39934	0	0	141594	32236	7698	4.19
FLT0	MOR0964	160362	61919	98443	5435	56484	0	61919	0	0	88750	49558	12361	4.01
FLT0	MOR0965	190962	77986	112976	5881	72105	0	77986	0	0	58150	62733	15253	4.11
FLT0	MOR0966	155458	61584	93874	5151	56433	0	61584	0	0	93654	48811	12773	3.82
FLT0	MOR0967	231372	103079	128293	5642	97437	0	103079	0	0	17740	82438	20641	3.99
FLT0	MOR0968	243756	117434	126322	5499	111935	0	117434	0	0	5356	94137	23297	4.04
FLT0	MOR0969	215328	90729	124599	6138	84591	0	90729	0	0	33784	72441	18288	3.96
FLT0	MOR0970	40632	13021	27611	1663	11358	0	13021	0	0	208480	10782	2239	4.82
FLT0	MOR0971	246062	127955	118107	4853	123102	0	127955	0	0	3050	102276	25679	3.98
FLT0	MOR0972	106442	38466	67976	4074	34392	0	38466	0	0	142670	30948	7518	4.12
FLT0	MOR0973	88800	29670	59130	3842	25828	0	29670	0	0	160312	23596	6074	3.88
FLT0	MOR0974	171868	66868	105000	5975	60893	0	66868	0	0	77244	53272	13596	3.92
FLT0	MOR0975	111260	39446	71814	4405	35041	0	39446	0	0	137852	31666	7780	4.07
FLT0	MOR0976	173832	68333	105499	5515	62818	0	68333	0	0	75280	54604	13729	3.98
FLT0	MOR0977	45021	13502	31519	2178	11324	0	13502	0	0	204091	10835	2667	4.06
FLT0	MOR0978	239828	109176	130652	6120	103056	0	109176	0	0	9284	87307	21869	3.99
FLT0	MOR0979	209490	87601	121889	6090	81511	0	87601	0	0	39622	70040	17561	3.99
FLT0	MOR0980	145645	53973	91672	5165	48808	0	53973	0	0	103467	43336	10637	4.07
FLT0	MOR0981	211129	88864	122265	6242	82622	0	88864	0	0	37983	71254	17610	4.05
FLT0	MOR0982	243888	118094	125794	5680	112414	0	118094	0	0	5224	94356	23738	3.97
FLT0	MOR0983	218406	91682	126724	6112	85570	0	91682	0	0	30706	73401	18281	4.02
FLT0	MOR0984	198074	82046	116028	5685	76361	0	82046	0	0	51038	65638	16408	4.00
FLT0	MOR0985	232715	103393	129322	6353	97040	0	103393	0	0	16397	82718	20675	4.00
FLT0	MOR0986	109391	40282	69109	4008	36274	0	40282	0	0	139721	32541	7741	4.20
FLT0	MOR0987	88261	30838	57423	3436	27402	0	30838	0	0	160851	24814	6024	4.12
FLT0	MOR0855	220284	123286	96998	5084	118202	0	123286	0	0	28828	98516	24770	3.98
FLT0	MOR0988	207582	96985	110597	6839	90146	0	96985	0	0	41530	77419	19566	3.96
FLT0	MOR0989	220017	121696	98321	4748	116948	0	121696	0	0	29095	97132	24564	3.95
FLT0	MOR0990	192891	85299	107592	7398	77901	0	85299	0	0	56221	68195	17104	3.99
FLT0	MOR0991	210327	99375	110952	6727	92648	0	99375	0	0	38785	79515	19860	4.00
FLT0	MOR0992	153314	64742	88572	6770	57972	0	64742	0	0	95798	52450	12292	4.27
FLT0	MOR0993	218208	111740	106468	6196	105544	0	111740	0	0	30904	89157	22583	3.95
FLT0	MOR0994	200344	91680	108664	6979	84701	0	91680	0	0	48768	73244	18436	3.97
FLT0	MOR0995	39919	12360	27559	2973	9387	0	12360	0	0	209193	9901	2459	4.03
FLT0	MOR0996	59308	19461	39847	4655	14806	0	19461	0	0	189804	15547	3914	3.97
FLT0	MOR0997	210672	102748	107924	6912	95836	0	102748	0	0	38440	82118	20630	3.98
FLT0	MOR0998	200799	91628	109171	7062	84566	0	91628	0	0	48313	72844	18784	3.88
FLT0	MOR0999	183343	80598	102745	7428	73170	0	80598	0	0	65769	64639	15959	4.05
FLT0	MOR1000	163185	72437	90748	6962	65475	0	72437	0	0	85927	58448	13989	4.18
FLT0	SYST.MOR.0006717	220918	84954	135964	15933	69021	0	84954	0	0	28194	68390	16564	4.13
FLT0	SYST.MOR.0006718	214391	79628	134763	16937	62691	0	79628	0	0	34721	63932	15696	4.07
FLT0	SYST.MOR.0006719	197707	69209	128498	16023	53186	0	69209	0	0	51405	55746	13463	4.14
FLT0	SYST.MOR.0006726	221612	88040	133572	14774	73266	0	88040	0	0	27500	70639	17401	4.06
FLT0	SYST.MOR.0006727	194508	72905	121603	13279	59626	0	72905	0	0	54604	58570	14335	4.09
FLT0	SYST.MOR.0006728	207591	76444	131147	15222	61222	0	76444	0	0	41521	61390	15054	4.08
FLT0	SYST.MOR.0006730	210921	76947	133974	17178	59769	0	76947	0	0	38191	61972	14975	4.14
FLT0	SYST.MOR.0006732	231720	92625	139095	17814	74811	0	92625	0	0	17392	74670	17955	4.16
FLT0	SYST.MOR.0006742	178486	63113	115373	16624	46489	0	63113	0	0	70626	50828	12285	4.14
FLT0	SYST.MOR.0006743	203848	75087	128761	15641	59446	0	75087	0	0	45264	60334	14753	4.09
FLT0	SYST.MOR.0006744	177694	63610	114084	13019	50591	0	63610	0	0	71418	51182	12428	4.12
FLT0	SYST.MOR.0006746	109233	34678	74555	9634	25044	0	34678	0	0	139879	28030	6648	4.22
FLT0	SYST.MOR.0006747	146037	50582	95455	12156	38426	0	50582	0	0	103075	40807	9775	4.17
FLT0	SYST.MOR.0006748	120754	39810	80944	10992	28818	0	39810	0	0	128358	32229	7581	4.25
FLT0	SYST.MOR.0006749	70053	20990	49063	6900	14090	0	20990	0	0	179059	16963	4027	4.21
FLT0	SYST.MOR.0006755	187045	75228	111817	8831	66397	0	75228	0	0	62067	59771	15457	3.87
FLT0	SYST.MOR.0006756	103076	32597	70479	8191	24406	0	32597	0	0	146036	26205	6392	4.10
FLT0	SYST.MOR.0006757	167230	58092	109138	11725	46367	0	58092	0	0	81882	46643	11449	4.07
FLT0	SYST.MOR.0006762	222314	99007	123307	7088	91919	0	99007	0	0	26798	79163	19844	3.99
FLT0	SYST.MOR.0006766	157843	54144	103699	11638	42506	0	54144	0	0	91269	43168	10976	3.93
FLT0	SYST.MOR.0006768	237176	100891	136285	15765	85126	0	100891	0	0	11936	80966	19925	4.06
FLT0	SYST.MOR.0006771	207985	77269	130716	15967	61302	0	77269	0	0	41127	61951	15318	4.04
FLT0	SYST.MOR.0006773	192237	68907	123330	14653	54254	0	68907	0	0	56875	55193	13714	4.02
FLT0	SYST.MOR.0006774	208339	81300	127039	12789	68511	0	81300	0	0	40773	65299	16001	4.08
FLT0	SYST.MOR.0006775	226528	97888	128640	9818	88070	0	97888	0	0	22584	78061	19827	3.94
FLT0	SYST.MOR.0006776	190633	69107	121526	13579	55528	0	69107	0	0	58479	55471	13636	4.07
FLT0	SYST.MOR.0006777	212728	90437	122291	8871	81566	0	90437	0	0	36384	72388	18049	4.01
FLT0	SYST.MOR.0006784	219645	83090	136555	17555	65535	0	83090	0	0	29467	67045	16045	4.18
FLT0	SYST.MOR.0006785	208129	76152	131977	16889	59263	0	76152	0	0	40983	61524	14628	4.21
FLT0	SYST.MOR.0006787	189112	68010	121102	13228	54782	0	68010	0	0	60000	54576	13434	4.06
FLT0	SYST.MOR.0006788	144016	48313	95703	10957	37356	0	48313	0	0	105096	38731	9582	4.04
FLT0	SYST.MOR.0006789	202928	75189	127739	14715	60474	0	75189	0	0	46184	60267	14922	4.04
FLT0	SYST.MOR.0006795	195578	71911	123667	13725	58186	0	71911	0	0	53534	57545	14366	4.01
FLT0	SYST.MOR.0006796	183324	65704	117620	12250	53454	0	65704	0	0	65788	52582	13122	4.01
FLT0	SYST.MOR.0006797	142265	48433	93832	9775	38658	0	48433	0	0	106847	38688	9745	3.97
FLT0	SYST.MOR.0006800	210113	82975	127138	11371	71604	0	82975	0	0	38999	66255	16720	3.96
FLT0	SYST.MOR.0006807	213797	81244	132553	15165	66079	0	81244	0	0	35315	65142	16102	4.05
FLT0	SYST.MOR.0006808	193330	68714	124616	16415	52299	0	68714	0	0	55782	55527	13187	4.21
FLT0	SYST.MOR.0006809	210123	79605	130518	15319	64286	0	79605	0	0	38989	63715	15890	4.01
FLT0	SYST.MOR.0006815	140830	46949	93881	13135	33814	0	46949	0	0	108282	37990	8959	4.24
FLT0	SYST.MOR.0006822	209919	77048	132871	17100	59948	0	77048	0	0	39193	62031	15017	4.13
FLT0	SYST.MOR.0006830	203380	76863	126517	13684	63179	0	76863	0	0	45732	61908	14955	4.14
FLT0	SYST.MOR.0006831	191863	67923	123940	15401	52522	0	67923	0	0	57249	54973	12950	4.25
FLT0	SYST.MOR.0006832	213690	79177	134513	17177	62000	0	79177	0	0	35422	63659	15518	4.10
FLT0	SYST.MOR.0006834	200469	73552	126917	15058	58494	0	73552	0	0	48643	59046	14506	4.07
FLT0	SYST.MOR.0006835	191522	69476	122046	14300	55176	0	69476	0	0	57590	55821	13655	4.09
FLT0	SYST.MOR.0006838	137102	45739	91363	13435	32304	0	45739	0	0	112010	36916	8823	4.18
FLT0	SYST.MOR.0006841	177342	63200	114142	16064	47136	0	63200	0	0	71770	50966	12234	4.17
FLT0	SYST.MOR.0006846	166380	59074	107306	13985	45089	0	59074	0	0	82732	47745	11329	4.21
FLT0	SYST.MOR.0006848	59183	18555	40628	5402	13153	0	18555	0	0	189929	14985	3570	4.20
FLT0	SYST.MOR.0006849	195459	71463	123996	13952	57511	0	71463	0	0	53653	57261	14202	4.03
FLT0	SYST.MOR.0006856	154032	52174	101858	13881	38293	0	52174	0	0	95080	42108	10066	4.18
FLT0	SYST.MOR.0006874	211442	78509	132933	15509	63000	0	78509	0	0	37670	62771	15738	3.99
FLT0	SYST.MOR.0006877	182204	63708	118496	15192	48516	0	63708	0	0	66908	51354	12354	4.16
FLT0	SYST.MOR.0006880	179116	62959	116157	13700	49259	0	62959	0	0	69996	50456	12503	4.04
FLT0	SYST.MOR.0006881	210874	77207	133667	17138	60069	0	77207	0	0	38238	62194	15013	4.14
FLT0	SYST.MOR.0006882	197770	71111	126659	15432	55679	0	71111	0	0	51342	57049	14062	4.06
FLT0	SYST.MOR.0006887	191240	67790	123450	14635	53155	0	67790	0	0	57872	54503	13287	4.10
FLT0	SYST.MOR.0006888	160189	56345	103844	14388	41957	0	56345	0	0	88923	45318	11027	4.11
FLT0	SYST.MOR.0006889	182848	63696	119152	15452	48244	0	63696	0	0	66264	51537	12159	4.24
FLT0	SYST.MOR.0006895	222171	86676	135495	15909	70767	0	86676	0	0	26941	69259	17417	3.98
FLT0	SYST.MOR.0006896	202967	74078	128889	15028	59050	0	74078	0	0	46145	59540	14538	4.10
FLT0	SYST.MOR.0006898	190273	68081	122192	14369	53712	0	68081	0	0	58839	54599	13482	4.05
FLT0	SYST.MOR.0006900	192916	69670	123246	13944	55726	0	69670	0	0	56196	56069	13601	4.12
FLT0	SYST.MOR.0006914	170356	58943	111413	12802	46141	0	58943	0	0	78756	47325	11618	4.07
FLT0	SYST.MOR.0006916	214694	80879	133815	15795	65084	0	80879	0	0	34418	64832	16047	4.04
FLT0	SYST.MOR.0006917	194154	67909	126245	15951	51958	0	67909	0	0	54958	54773	13136	4.17
FLT0	SYST.MOR.0006918	206132	77221	128911	14634	62587	0	77221	0	0	42980	61594	15627	3.94
FLT0	SYST.MOR.0006919	196040	77182	118858	9751	67431	0	77182	0	0	53072	61941	15241	4.06
FLT0	SYST.MOR.0006920	196486	69074	127412	16252	52822	0	69074	0	0	52626	55630	13444	4.14
FLT0	SYST.MOR.0006921	197149	72304	124845	14216	58088	0	72304	0	0	51963	57910	14394	4.02
FLT0	SYST.MOR.0006922	185282	64814	120468	15483	49331	0	64814	0	0	63830	52099	12715	4.10
FLT0	SYST.MOR.0006923	209196	78872	130324	15206	63666	0	78872	0	0	39916	63492	15380	4.13
FLT0	SYST.MOR.0006924	190779	66254	124525	15654	50600	0	66254	0	0	58333	53424	12830	4.16
FLT0	SYST.MOR.0006925	214081	81464	132617	15353	66111	0	81464	0	0	35031	65310	16154	4.04
FLT0	SYST.MOR.0006927	224599	89797	134802	14209	75588	0	89797	0	0	24513	71906	17891	4.02
FLT0	SYST.MOR.0006929	211174	77703	133471	15759	61944	0	77703	0	0	37938	62415	15288	4.08
FLT0	SYST.MOR.0006930	198789	72104	126685	14840	57264	0	72104	0	0	50323	57961	14143	4.10
FLT0	SYST.MOR.0006938	218333	82563	135770	16621	65942	0	82563	0	0	30779	66605	15958	4.17
FLT0	SYST.MOR.0006939	183430	64630	118800	14804	49826	0	64630	0	0	65682	52248	12382	4.22
FLT0	SYST.MOR.0006946	219889	83189	136700	17384	65805	0	83189	0	0	29223	66883	16306	4.10
FLT0	SYST.MOR.0006949	194962	81685	113277	5624	76061	0	81685	0	0	54150	65385	16300	4.01
FLT0	SYST.MOR.0006951	223180	99130	124050	5932	93198	0	99130	0	0	25932	79496	19634	4.05
FLT0	SYST.MOR.0006952	201938	84943	116995	6182	78761	0	84943	0	0	47174	68191	16752	4.07
FLT0	SYST.MOR.0006964	204851	75895	128956	15961	59934	0	75895	0	0	44261	61173	14722	4.16
FLT0	SYST.MOR.0006965	176667	60528	116139	14917	45611	0	60528	0	0	72445	48888	11640	4.20
FLT0	SYST.MOR.0006970	223675	89390	134285	12788	76602	0	89390	0	0	25437	71532	17858	4.01
FLT0	SYST.MOR.0006971	218463	83698	134765	13890	69808	0	83698	0	0	30649	66959	16739	4.00
FLT0	SYST.MOR.0006972	188085	67903	120182	13252	54651	0	67903	0	0	61027	54194	13709	3.95
FLT0	SYST.MOR.0006974	223588	86514	137074	15508	71006	0	86514	0	0	25524	69257	17257	4.01
FLT0	SYST.MOR.0006976	184349	64322	120027	15120	49202	0	64322	0	0	64763	51960	12362	4.20
FLT0	SYST.MOR.0006978	227186	89123	138063	17386	71737	0	89123	0	0	21926	71770	17353	4.14
FLT0	SYST.MOR.0006985	207359	76386	130973	15162	61224	0	76386	0	0	41753	61153	15233	4.01
FLT0	SYST.MOR.0006987	194628	71782	122846	13461	58321	0	71782	0	0	54484	57604	14178	4.06
FLT0	SYST.MOR.0006989	207119	75509	131610	17046	58463	0	75509	0	0	41993	60870	14639	4.16
FLT0	SYST.MOR.0006721	227665	103457	124208	8412	95045	0	103457	0	0	21447	82629	20828	3.97
FLT0	SYST.MOR.0006729	212260	90223	122037	7130	83093	0	90223	0	0	36852	72226	17997	4.01
FLT0	SYST.MOR.0006753	105015	37178	67837	5727	31451	0	37178	0	0	144097	29966	7212	4.16
FLT0	SYST.MOR.0006994	221867	88944	132923	12567	76377	0	88944	0	0	27245	71372	17572	4.06
FLT0	SYST.MOR.0006995	215530	84236	131294	12847	71389	0	84236	0	0	33582	67536	16700	4.04
FLT0	SYST.MOR.0006996	184635	66065	118570	12412	53653	0	66065	0	0	64477	53017	13048	4.06
FLT0	SYST.MOR.0007004	221077	86729	134348	13413	73316	0	86729	0	0	28035	69544	17185	4.05
FLT0	SYST.MOR.0007005	214978	82604	132374	15790	66814	0	82604	0	0	34134	66790	15814	4.22
FLT0	SYST.MOR.0007006	217184	85184	132000	12585	72599	0	85184	0	0	31928	68429	16755	4.08
FLT0	SYST.MOR.0007008	229012	92709	136303	13515	79194	0	92709	0	0	20100	74330	18379	4.04
FLT0	SYST.MOR.0007017	130730	43411	87319	10123	33288	0	43411	0	0	118382	34915	8496	4.11
FLT0	SYST.MOR.0007019	185116	67278	117838	16532	50746	0	67278	0	0	63996	54314	12964	4.19
FLT0	SYST.MOR.0007021	209508	80357	129151	14214	66143	0	80357	0	0	39604	64387	15970	4.03
FLT0	SYST.MOR.0007023	168437	60459	107978	12113	48346	0	60459	0	0	80675	48553	11906	4.08
FLT0	SYST.MOR.0007031	194786	71200	123586	15185	56015	0	71200	0	0	54326	57511	13689	4.20
FLT0	SYST.MOR.0007034	214828	80491	134337	17488	63003	0	80491	0	0	34284	65155	15336	4.25
FLT0	SYST.MOR.0007041	187625	67546	120079	13906	53640	0	67546	0	0	61487	53999	13547	3.99
FLT0	SYST.MOR.0007052	185839	70550	115289	10351	60199	0	70550	0	0	63273	56801	13749	4.13
FLT0	SYST.MOR.0007053	222302	85077	137225	17493	67584	0	85077	0	0	26810	68698	16379	4.19
FLT0	SYST.MOR.0007055	230465	98200	132265	9884	88316	0	98200	0	0	18647	78934	19266	4.10
FLT0	SYST.MOR.0007060	148586	51501	97085	9394	42107	0	51501	0	0	100526	41087	10414	3.95
FLT0	SYST.MOR.0007062	203610	74740	128870	16283	58457	0	74740	0	0	45502	60367	14373	4.20
FLT0	SYST.MOR.0007063	195626	69448	126178	16307	53141	0	69448	0	0	53486	55908	13540	4.13
FLT0	SYST.MOR.0007075	205681	76136	129545	15830	60306	0	76136	0	0	43431	61257	14879	4.12
FLT0	SYST.MOR.0007077	216810	96496	120314	6206	90290	0	96496	0	0	32302	77843	18653	4.17
FLT0	SYST.MOR.0007089	188708	67927	120781	15333	52594	0	67927	0	0	60404	54879	13048	4.21
FLT0	SYST.MOR.0007090	167683	53815	113868	14777	39038	0	53815	0	0	81429	43507	10308	4.22
FLT0	SYST.MOR.0007093	192814	64686	128128	16099	48587	0	64686	0	0	56298	52007	12679	4.10
FLT0	SYST.MOR.0007094	186680	62500	124180	15496	47004	0	62500	0	0	62432	50513	11987	4.21
FLT0	SYST.MOR.0007095	184265	61580	122685	15380	46200	0	61580	0	0	64847	49677	11903	4.17
FLT0	SYST.MOR.0007097	185382	66037	119345	15055	50982	0	66037	0	0	63730	53518	12519	4.27
FLT0	SYST.MOR.0007098	186048	67804	118244	13160	54644	0	67804	0	0	63064	54496	13308	4.09
FLT0	SYST.MOR.0007099	190899	70906	119993	13530	57376	0	70906	0	0	58213	56714	14192	4.00
FLT0	SYST.MOR.0007100	210129	80438	129691	14399	66039	0	80438	0	0	38983	64496	15942	4.05
FLT0	SYST.MOR.0007102	197712	72085	125627	15756	56329	0	72085	0	0	51400	58133	13952	4.17
FLT0	SYST.MOR.0007105	187976	66107	121869	15594	50513	0	66107	0	0	61136	53254	12853	4.14
FLT0	SYST.MOR.0007113	193947	71626	122321	14464	57162	0	71626	0	0	55165	57599	14027	4.11
FLT0	SYST.MOR.0007120	208022	76895	131127	17211	59684	0	76895	0	0	41090	62109	14786	4.20
FLT0	SYST.MOR.0007122	189534	66891	122643	15772	51119	0	66891	0	0	59578	54034	12857	4.20
FLT0	SYST.MOR.0007129	214833	82424	132409	15446	66978	0	82424	0	0	34279	65921	16503	3.99
FLT0	SYST.MOR.0007134	176783	61260	115523	14334	46926	0	61260	0	0	72329	49087	12173	4.03
FLT0	SYST.MOR.0007135	202381	73729	128652	16443	57286	0	73729	0	0	46731	59354	14375	4.13
FLT0	SYST.MOR.0007136	183949	68455	115494	15609	52846	0	68455	0	0	65163	55360	13095	4.23
FLT0	SYST.MOR.0007138	213858	83614	130244	14991	68623	0	83614	0	0	35254	67199	16415	4.09
FLT0	SYST.MOR.0007139	155082	53184	101898	14957	38227	0	53184	0	0	94030	42694	10490	4.07
FLT0	SYST.MOR.0007141	187367	67099	120268	14299	52800	0	67099	0	0	61745	53947	13152	4.10
FLT0	SYST.MOR.0007145	167424	57221	110203	15935	41286	0	57221	0	0	81688	46141	11080	4.16
FLT0	SYST.MOR.0007147	196655	71590	125065	15123	56467	0	71590	0	0	52457	57490	14100	4.08
FLT0	SYST.MOR.0007149	162253	54999	107254	13973	41026	0	54999	0	0	86859	44381	10618	4.18
FLT0	SYST.MOR.0007155	197985	71309	126676	15134	56175	0	71309	0	0	51127	57426	13883	4.14
FLT0	SYST.MOR.0007157	214777	81437	133340	16175	65262	0	81437	0	0	34335	65228	16209	4.02
FLT0	SYST.MOR.0007158	197572	73466	124106	17599	55867	0	73466	0	0	51540	59460	14006	4.25
FLT0	SYST.MOR.0007160	181723	64685	117038	17238	47447	0	64685	0	0	67389	52153	12532	4.16
FLT0	SYST.MOR.0007162	159263	54899	104364	15014	39885	0	54899	0	0	89849	44122	10777	4.09
FLT0	SYST.MOR.0007165	118071	38134	79937	11791	26343	0	38134	0	0	131041	30607	7527	4.07
FLT0	SYST.MOR.0007169	165910	58860	107050	15404	43456	0	58860	0	0	83202	47535	11325	4.20
FLT0	SYST.MOR.0007170	193167	71838	121329	17522	54316	0	71838	0	0	55945	58007	13831	4.19
FLT0	SYST.MOR.0007172	198033	73447	124586	17733	55714	0	73447	0	0	51079	59536	13911	4.28
FLT0	SYST.MOR.0007173	171243	60647	110596	16006	44641	0	60647	0	0	77869	49004	11643	4.21
FLT0	SYST.MOR.0007178	183347	66456	116891	16164	50292	0	66456	0	0	65765	53722	12734	4.22
FLT0	SYST.MOR.0007180	210507	77875	132632	17083	60792	0	77875	0	0	38605	62927	14948	4.21
FLT0	SYST.MOR.0007182	217871	84622	133249	13644	70978	0	84622	0	0	31241	67709	16913	4.00
FLT0	SYST.MOR.0007185	208923	78080	130843	13860	64220	0	78080	0	0	40189	62622	15458	4.05
FLT0	SYST.MOR.0007187	195239	71262	123977	12926	58336	0	71262	0	0	53873	57174	14088	4.06
FLT0	SYST.MOR.0007194	167778	58538	109240	11688	46850	0	58538	0	0	81334	46713	11825	3.95
FLT0	SYST.MOR.0007195	149478	49367	100111	13422	35945	0	49367	0	0	99634	39853	9514	4.19
FLT0	SYST.MOR.0007196	167458	57920	109538	12116	45804	0	57920	0	0	81654	46446	11474	4.05
FLT0	SYST.MOR.0007197	185650	64902	120748	15868	49034	0	64902	0	0	63462	52325	12577	4.16
FLT0	SYST.MOR.0007199	198959	74086	124873	13472	60614	0	74086	0	0	50153	59287	14799	4.01
FLT0	SYST.MOR.0007202	190755	68929	121826	13928	55001	0	68929	0	0	58357	55104	13825	3.99
FLT0	SYST.MOR.0007203	143795	48234	95561	11298	36936	0	48234	0	0	105317	38774	9460	4.10
FLT0	SYST.MOR.0007204	163655	57171	106484	12550	44621	0	57171	0	0	85457	45678	11493	3.97
FLT0	SYST.MOR.0007209	217303	83723	133580	15150	68573	0	83723	0	0	31809	67093	16630	4.03
FLT0	SYST.MOR.0007211	213348	79922	133426	16846	63076	0	79922	0	0	35764	64457	15465	4.17
FLT0	SYST.MOR.0007212	216995	83557	133438	14280	69277	0	83557	0	0	32117	66773	16784	3.98
FLT0	SYST.MOR.0007213	218120	84930	133190	13874	71056	0	84930	0	0	30992	67973	16957	4.01
FLT0	SYST.MOR.0007216	213825	81287	132538	16719	64568	0	81287	0	0	35287	65522	15765	4.16
FLT0	SYST.MOR.0007223	212014	80015	131999	15758	64257	0	80015	0	0	37098	64128	15887	4.04
FLT0	SYST.MOR.0007224	197213	73280	123933	14406	58874	0	73280	0	0	51899	58926	14354	4.11
FLT0	SYST.MOR.0007227	209596	80607	128989	14366	66241	0	80607	0	0	39516	64704	15903	4.07
FLT0	SYST.MOR.0007229	181246	63746	117500	15453	48293	0	63746	0	0	67866	51584	12162	4.24
FLT0	SYST.MOR.0007230	201071	72565	128506	16413	56152	0	72565	0	0	48041	58443	14122	4.14
FLT0	SYST.MOR.0007234	208247	79000	129247	14992	64008	0	79000	0	0	40865	63275	15725	4.02
FLT0	SYST.MOR.0007235	198601	74052	124549	14407	59645	0	74052	0	0	50511	59431	14621	4.06
FLT0	SYST.MOR.0007236	103858	32445	71413	9452	22993	0	32445	0	0	145254	26175	6270	4.17
FLT0	SYST.MOR.0007238	202257	69207	133050	16880	52327	0	69207	0	0	46855	55540	13667	4.06
FLT0	SYST.MOR.0007239	221657	83569	138088	16272	67297	0	83569	0	0	27455	67288	16281	4.13
FLT0	SYST.MOR.0007240	195924	66292	129632	16188	50104	0	66292	0	0	53188	53377	12915	4.13
FLT0	SYST.MOR.0007244	216271	82414	133857	17229	65185	0	82414	0	0	32841	66512	15902	4.18
FLT0	SYST.MOR.0007245	215044	80963	134081	17239	63724	0	80963	0	0	34068	65343	15620	4.18
FLT0	SYST.MOR.0007256	187627	66070	121557	15014	51056	0	66070	0	0	61485	53232	12838	4.15
SITE0	249112	249112	0	0	201434	47678	4.22
